Vertex Count: 1596

Data:

76 -210 -944 1.9622 -5.5036 0 1 0
-76 -210 -952 1.1142 -5.546 0 1 0
-76 -210 -944 1.1142 -5.5036 0 1 0
-76 -210 -952 1.1142 -5.546 0 1 0
76 -210 -944 1.9622 -5.5036 0 1 0
76 -210 -952 1.9622 -5.546 0 1 0
76 -194 -836 1.9622 -2.652 0 0 -1
-76 -198 -836 1.1142 -2.6308 0 0 -1
-76 -194 -836 1.1142 -2.652 0 0 -1
-76 -198 -836 1.1142 -2.6308 0 0 -1
76 -194 -836 1.9622 -2.652 0 0 -1
76 -198 -836 1.9622 -2.6308 0 0 -1
76 -182 -812 1.9622 -2.7156 0 0 -1
-76 -186 -812 1.1142 -2.6944 0 0 -1
-76 -182 -812 1.1142 -2.7156 0 0 -1
-76 -186 -812 1.1142 -2.6944 0 0 -1
76 -182 -812 1.9622 -2.7156 0 0 -1
76 -186 -812 1.9622 -2.6944 0 0 -1
164 -202 -744 2.2803 -2.6096 1 0 0
164 -198 -880 3.0223 -2.6308 1 0 0
164 -198 -744 2.2803 -2.6308 1 0 0
164 -198 -880 3.0223 -2.6308 1 0 0
164 -202 -744 2.2803 -2.6096 1 0 0
164 -202 -880 3.0223 -2.6096 1 0 0
-164 -198 -880 0.6901 -5.1644 0 1 0
-76 -198 -984 1.1142 -5.6944 0 1 0
-164 -198 -984 0.6901 -5.6944 0 1 0
-76 -198 -984 1.1142 -5.6944 0 1 0
-164 -198 -880 0.6901 -5.1644 0 1 0
-76 -198 -880 1.1142 -5.1644 0 1 0
-76 -226 976 1.1142 -2.4824 0 0 1
76 -222 976 1.9622 -2.5036 0 0 1
-76 -222 976 1.1142 -2.5036 0 0 1
76 -222 976 1.9622 -2.5036 0 0 1
-76 -226 976 1.1142 -2.4824 0 0 1
76 -226 976 1.9622 -2.4824 0 0 1
-76 -214 952 1.1142 -2.546 0 0 1
76 -210 952 1.9622 -2.5672 0 0 1
-76 -210 952 1.1142 -2.5672 0 0 1
76 -210 952 1.9622 -2.5672 0 0 1
-76 -214 952 1.1142 -2.546 0 0 1
76 -214 952 1.9622 -2.546 0 0 1
-76 -170 788 1.1142 3.6767 0 1 0
76 -170 744 1.9622 3.4223 0 1 0
-76 -170 744 1.1142 3.4223 0 1 0
76 -170 744 1.9622 3.4223 0 1 0
-76 -170 788 1.1142 3.6767 0 1 0
76 -170 788 1.9622 3.6767 0 1 0
-76 -186 820 1.1142 3.8464 0 1 0
76 -186 812 1.9622 3.804 0 1 0
-76 -186 812 1.1142 3.804 0 1 0
76 -186 812 1.9622 3.804 0 1 0
-76 -186 820 1.1142 3.8464 0 1 0
76 -186 820 1.9622 3.8464 0 1 0
164 -202 880 -6.3065 -2.6096 1 0 0
164 -198 984 -6.8365 -2.6308 1 0 0
164 -202 984 -6.8365 -2.6096 1 0 0
164 -198 984 -6.8365 -2.6308 1 0 0
164 -202 880 -6.3065 -2.6096 1 0 0
164 -198 880 -6.3065 -2.6308 1 0 0
-76 -198 744 1.1142 3.4223 0 1 0
76 -198 880 1.9622 4.1644 0 1 0
76 -198 744 1.9622 3.4223 0 1 0
76 -198 880 1.9622 4.1644 0 1 0
-76 -198 744 1.1142 3.4223 0 1 0
-76 -198 880 1.1142 4.1644 0 1 0
560 -198 76 4.5065 -0.076 0 1 0
608 -198 -76 4.7609 -0.924 0 1 0
560 -198 -76 4.5065 -0.924 0 1 0
608 -198 -76 4.7609 -0.924 0 1 0
560 -198 76 4.5065 -0.076 0 1 0
608 -198 76 4.7609 -0.076 0 1 0
632 -214 76 4.8881 -0.076 0 1 0
640 -214 -76 4.9305 -0.924 0 1 0
632 -214 -76 4.8881 -0.924 0 1 0
640 -214 -76 4.9305 -0.924 0 1 0
632 -214 76 4.8881 -0.076 0 1 0
640 -214 76 4.9305 -0.076 0 1 0
468 -174 76 4.0188 -0.076 0 1 0
476 -174 -76 4.0612 -0.924 0 1 0
468 -174 -76 4.0188 -0.924 0 1 0
476 -174 -76 4.0612 -0.924 0 1 0
468 -174 76 4.0188 -0.076 0 1 0
476 -174 76 4.0612 -0.076 0 1 0
500 -190 76 4.1884 -0.076 0 1 0
508 -190 -76 4.2308 -0.924 0 1 0
500 -190 -76 4.1884 -0.924 0 1 0
508 -190 -76 4.2308 -0.924 0 1 0
500 -190 76 4.1884 -0.076 0 1 0
508 -190 76 4.2308 -0.076 0 1 0
424 -198 -164 3.7644 -2.6308 0 0 -1
560 -202 -164 4.5065 -2.6096 0 0 -1
424 -202 -164 3.7644 -2.6096 0 0 -1
560 -202 -164 4.5065 -2.6096 0 0 -1
424 -198 -164 3.7644 -2.6308 0 0 -1
560 -198 -164 4.5065 -2.6308 0 0 -1
664 -198 76 5.0365 -2.6308 0 0 -1
560 -202 76 4.5065 -2.6096 0 0 -1
560 -198 76 4.5065 -2.6308 0 0 -1
560 -202 76 4.5065 -2.6096 0 0 -1
664 -198 76 5.0365 -2.6308 0 0 -1
664 -202 76 5.0365 -2.6096 0 0 -1
-624 -210 -76 -1.218 -2.5672 -1 0 0
-624 -206 76 -2.0661 -2.5884 -1 0 0
-624 -206 -76 -1.218 -2.5884 -1 0 0
-624 -206 76 -2.0661 -2.5884 -1 0 0
-624 -210 -76 -1.218 -2.5672 -1 0 0
-624 -210 76 -2.0661 -2.5672 -1 0 0
-516 -198 -76 -1.218 -2.6308 -1 0 0
-516 -194 76 -2.0661 -2.652 -1 0 0
-516 -194 -76 -1.218 -2.652 -1 0 0
-516 -194 76 -2.0661 -2.652 -1 0 0
-516 -198 -76 -1.218 -2.6308 -1 0 0
-516 -198 76 -2.0661 -2.6308 -1 0 0
-492 -186 -76 -1.218 -2.6944 -1 0 0
-492 -182 76 -2.0661 -2.7156 -1 0 0
-492 -182 -76 -1.218 -2.7156 -1 0 0
-492 -182 76 -2.0661 -2.7156 -1 0 0
-492 -186 -76 -1.218 -2.6944 -1 0 0
-492 -186 76 -2.0661 -2.6944 -1 0 0
-560 -198 164 -1.43 -2.6308 0 0 1
-424 -202 164 -0.688 -2.6096 0 0 1
-424 -198 164 -0.688 -2.6308 0 0 1
-424 -202 164 -0.688 -2.6096 0 0 1
-560 -198 164 -1.43 -2.6308 0 0 1
-560 -202 164 -1.43 -2.6096 0 0 1
-664 -198 -76 -1.9601 -0.924 0 1 0
-560 -198 -164 -1.43 -1.3481 0 1 0
-664 -198 -164 -1.9601 -1.3481 0 1 0
-560 -198 -164 -1.43 -1.3481 0 1 0
-664 -198 -76 -1.9601 -0.924 0 1 0
-560 -198 -76 -1.43 -0.924 0 1 0
411.28 -174 -721.68 1.1142 -5.5036 0 -1 0
424 -174 0 1.1142 -5.5036 0 -1 0
411.28 -174 0 1.1142 -5.5036 0 -1 0
424 -174 0 1.1142 -5.5036 0 -1 0
411.28 -174 -721.68 1.1142 -5.5036 0 -1 0
424 -174 -744 1.1142 -5.5036 0 -1 0
-658.6 -201.8 -81.18 1.1142 -5.5036 0 -0.9993 -0.0386
-560 -202 -76 1.1142 -5.5036 0 -0.9993 -0.0386
-664 -202 -76 1.1142 -5.5036 0 -0.9993 -0.0386
-560 -202 -76 1.1142 -5.5036 0.0025 -0.9962 -0.0866
-658.6 -201.8 -81.18 1.1142 -5.5036 0.0025 -0.9962 -0.0866
-559.28 -201.6 -80.58 1.1142 -5.5036 0.0025 -0.9962 -0.0866
-154.16 -202 -976.8 1.1142 -5.5036 0 -1 0
-76 -202 -984 1.1142 -5.5036 0 -1 0
-82.04 -202 -976.8 1.1142 -5.5036 0 -1 0
-76 -202 -984 1.1142 -5.5036 0 -1 0
-154.16 -202 -976.8 1.1142 -5.5036 0 -1 0
-164 -202 -984 1.1142 -5.5036 0 -1 0
657.4 -202 -154.98 1.1142 -5.5036 0 -1 0
664 -202 -76 1.1142 -5.5036 0 -1 0
657.4 -202 -82.22 1.1142 -5.5036 0 -1 0
664 -202 -76 1.1142 -5.5036 0 -1 0
657.4 -202 -154.98 1.1142 -5.5036 0 -1 0
664 -202 -164 1.1142 -5.5036 0 -1 0
153.34 -202 976.2 1.1142 -5.5036 0 -1 0
76 -202 984 1.1142 -5.5036 0 -1 0
81.06 -202 976.2 1.1142 -5.5036 0 -1 0
76 -202 984 1.1142 -5.5036 0 -1 0
153.34 -202 976.2 1.1142 -5.5036 0 -1 0
164 -202 984 1.1142 -5.5036 0 -1 0
76 -198 -880 1.9622 -5.1644 0 1 0
-76 -198 -928 1.1142 -5.4188 0 1 0
-76 -198 -880 1.1142 -5.1644 0 1 0
-76 -198 -928 1.1142 -5.4188 0 1 0
76 -198 -880 1.9622 -5.1644 0 1 0
76 -198 -928 1.9622 -5.4188 0 1 0
76 -214 -952 1.9622 -5.546 0 1 0
-76 -214 -960 1.1142 -5.5884 0 1 0
-76 -214 -952 1.1142 -5.546 0 1 0
-76 -214 -960 1.1142 -5.5884 0 1 0
76 -214 -952 1.9622 -5.546 0 1 0
76 -214 -960 1.9622 -5.5884 0 1 0
76 -170 -788 1.9622 -2.7792 0 0 -1
-76 -174 -788 1.1142 -2.758 0 0 -1
-76 -170 -788 1.1142 -2.7792 0 0 -1
-76 -174 -788 1.1142 -2.758 0 0 -1
76 -170 -788 1.9622 -2.7792 0 0 -1
76 -174 -788 1.9622 -2.758 0 0 -1
76 -186 -820 1.9622 -2.6944 0 0 -1
-76 -190 -820 1.1142 -2.6732 0 0 -1
-76 -186 -820 1.1142 -2.6944 0 0 -1
-76 -190 -820 1.1142 -2.6732 0 0 -1
76 -186 -820 1.9622 -2.6944 0 0 -1
76 -190 -820 1.9622 -2.6732 0 0 -1
-164 -202 -984 3.5524 -2.6096 -1 0 0
-164 -198 -880 3.0223 -2.6308 -1 0 0
-164 -198 -984 3.5524 -2.6308 -1 0 0
-164 -198 -880 3.0223 -2.6308 -1 0 0
-164 -202 -984 3.5524 -2.6096 -1 0 0
-164 -202 -880 3.0223 -2.6096 -1 0 0
-164 -198 -744 0.6901 -4.4223 0 1 0
-76 -198 -880 1.1142 -5.1644 0 1 0
-164 -198 -880 0.6901 -5.1644 0 1 0
-76 -198 -880 1.1142 -5.1644 0 1 0
-164 -198 -744 0.6901 -4.4223 0 1 0
-76 -198 -744 1.1142 -4.4223 0 1 0
-76 -202 928 1.1142 -2.6096 0 0 1
76 -198 928 1.9622 -2.6308 0 0 1
-76 -198 928 1.1142 -2.6308 0 0 1
76 -198 928 1.9622 -2.6308 0 0 1
-76 -202 928 1.1142 -2.6096 0 0 1
76 -202 928 1.9622 -2.6096 0 0 1
-76 -218 960 1.1142 -2.5248 0 0 1
76 -214 960 1.9622 -2.546 0 0 1
-76 -214 960 1.1142 -2.546 0 0 1
76 -214 960 1.9622 -2.546 0 0 1
-76 -218 960 1.1142 -2.5248 0 0 1
76 -218 960 1.9622 -2.5248 0 0 1
-76 -174 796 1.1142 3.7192 0 1 0
76 -174 788 1.9622 3.6767 0 1 0
-76 -174 788 1.1142 3.6767 0 1 0
76 -174 788 1.9622 3.6767 0 1 0
-76 -174 796 1.1142 3.7192 0 1 0
76 -174 796 1.9622 3.7192 0 1 0
-76 -190 828 1.1142 3.8888 0 1 0
76 -190 820 1.9622 3.8464 0 1 0
-76 -190 820 1.1142 3.8464 0 1 0
76 -190 820 1.9622 3.8464 0 1 0
-76 -190 828 1.1142 3.8888 0 1 0
76 -190 828 1.9622 3.8888 0 1 0
-164 -202 880 -6.3065 -2.6096 -1 0 0
-164 -198 744 -5.5644 -2.6308 -1 0 0
-164 -202 744 -5.5644 -2.6096 -1 0 0
-164 -198 744 -5.5644 -2.6308 -1 0 0
-164 -202 880 -6.3065 -2.6096 -1 0 0
-164 -198 880 -6.3065 -2.6308 -1 0 0
76 -202 880 -6.3065 -2.6096 -1 0 0
76 -198 984 -6.8365 -2.6308 -1 0 0
76 -198 880 -6.3065 -2.6308 -1 0 0
76 -198 984 -6.8365 -2.6308 -1 0 0
76 -202 880 -6.3065 -2.6096 -1 0 0
76 -202 984 -6.8365 -2.6096 -1 0 0
608 -202 76 4.7609 -0.076 0 1 0
616 -202 -76 4.8033 -0.924 0 1 0
608 -202 -76 4.7609 -0.924 0 1 0
616 -202 -76 4.8033 -0.924 0 1 0
608 -202 76 4.7609 -0.076 0 1 0
616 -202 76 4.8033 -0.076 0 1 0
640 -218 76 4.9305 -0.076 0 1 0
648 -218 -76 4.9729 -0.924 0 1 0
640 -218 -76 4.9305 -0.924 0 1 0
648 -218 -76 4.9729 -0.924 0 1 0
640 -218 76 4.9305 -0.076 0 1 0
648 -218 76 4.9729 -0.076 0 1 0
476 -178 76 4.0612 -0.076 0 1 0
484 -178 -76 4.1036 -0.924 0 1 0
476 -178 -76 4.0612 -0.924 0 1 0
484 -178 -76 4.1036 -0.924 0 1 0
476 -178 76 4.0612 -0.076 0 1 0
484 -178 76 4.1036 -0.076 0 1 0
508 -194 76 4.2308 -0.076 0 1 0
516 -194 -76 4.2732 -0.924 0 1 0
508 -194 -76 4.2308 -0.924 0 1 0
516 -194 -76 4.2732 -0.924 0 1 0
508 -194 76 4.2308 -0.076 0 1 0
516 -194 76 4.2732 -0.076 0 1 0
664 -198 164 5.0365 0.3481 0 1 0
560 -198 76 4.5065 -0.076 0 1 0
560 -198 164 4.5065 0.3481 0 1 0
560 -198 76 4.5065 -0.076 0 1 0
664 -198 164 5.0365 0.3481 0 1 0
664 -198 76 5.0365 -0.076 0 1 0
-656 -226 -76 -1.218 -2.4824 -1 0 0
-656 -222 76 -2.0661 -2.5036 -1 0 0
-656 -222 -76 -1.218 -2.5036 -1 0 0
-656 -222 76 -2.0661 -2.5036 -1 0 0
-656 -226 -76 -1.218 -2.4824 -1 0 0
-656 -226 76 -2.0661 -2.4824 -1 0 0
-632 -214 -76 -1.218 -2.546 -1 0 0
-632 -210 76 -2.0661 -2.5672 -1 0 0
-632 -210 -76 -1.218 -2.5672 -1 0 0
-632 -210 76 -2.0661 -2.5672 -1 0 0
-632 -214 -76 -1.218 -2.546 -1 0 0
-632 -214 76 -2.0661 -2.546 -1 0 0
-468 -174 -76 -1.218 -2.758 -1 0 0
-468 -170 76 -2.0661 -2.7792 -1 0 0
-468 -170 -76 -1.218 -2.7792 -1 0 0
-468 -170 76 -2.0661 -2.7792 -1 0 0
-468 -174 -76 -1.218 -2.758 -1 0 0
-468 -174 76 -2.0661 -2.758 -1 0 0
-500 -190 -76 -1.218 -2.6732 -1 0 0
-500 -186 76 -2.0661 -2.6944 -1 0 0
-500 -186 -76 -1.218 -2.6944 -1 0 0
-500 -186 76 -2.0661 -2.6944 -1 0 0
-500 -190 -76 -1.218 -2.6732 -1 0 0
-500 -190 76 -2.0661 -2.6732 -1 0 0
-560 -198 -164 -1.43 -2.6308 0 0 -1
-664 -202 -164 -1.9601 -2.6096 0 0 -1
-664 -198 -164 -1.9601 -2.6308 0 0 -1
-664 -202 -164 -1.9601 -2.6096 0 0 -1
-560 -198 -164 -1.43 -2.6308 0 0 -1
-560 -202 -164 -1.43 -2.6096 0 0 -1
-560 -198 -76 -1.43 -0.924 0 1 0
-424 -198 -164 -0.688 -1.3481 0 1 0
-560 -198 -164 -1.43 -1.3481 0 1 0
-424 -198 -164 -0.688 -1.3481 0 1 0
-560 -198 -76 -1.43 -0.924 0 1 0
-424 -198 -76 -0.688 -0.924 0 1 0
-424 -174 0 1.1142 -5.5036 0 -1 0
-411.28 -174 -721.68 1.1142 -5.5036 0 -1 0
-411.28 -174 0 1.1142 -5.5036 0 -1 0
-411.28 -174 -721.68 1.1142 -5.5036 0 -1 0
-424 -174 0 1.1142 -5.5036 0 -1 0
-424 -174 -744 1.1142 -5.5036 0 -1 0
-658.6 -202 156.62 1.1142 -5.5036 0 -1 0
-664 -202 76 1.1142 -5.5036 0 -1 0
-658.6 -202 80.08 1.1142 -5.5036 0 -1 0
-664 -202 76 1.1142 -5.5036 0 -1 0
-658.6 -202 156.62 1.1142 -5.5036 0 -1 0
-664 -202 164 1.1142 -5.5036 0 -1 0
82.24 -202 -976.8 1.1142 -5.5036 0 -1 0
76 -202 -880 1.1142 -5.5036 0 -1 0
76 -202 -984 1.1142 -5.5036 0 -1 0
76 -202 -880 1.1142 -5.5036 0 -1 0
82.24 -202 -976.8 1.1142 -5.5036 0 -1 0
81.84 -202 -879.04 1.1142 -5.5036 0 -1 0
657.4 -202 83.7199 1.1142 -5.5036 0 -1 0
560 -202 76 1.1142 -5.5036 0 -1 0
664 -202 76 1.1142 -5.5036 0 -1 0
560 -202 76 1.1142 -5.5036 0 -1 0
657.4 -202 83.7199 1.1142 -5.5036 0 -1 0
559.12 -202 82.8199 1.1142 -5.5036 0 -1 0
-82.56 -202 976.2 1.1142 -5.5036 0 -1 0
-76 -202 880 1.1142 -5.5036 0 -1 0
-76 -202 984 1.1142 -5.5036 0 -1 0
-76 -202 880 1.1142 -5.5036 0 -1 0
-82.56 -202 976.2 1.1142 -5.5036 0 -1 0
-82.06 -202 878.96 1.1142 -5.5036 0 -1 0
76 -222 -976 1.9622 -2.5036 0 0 -1
-76 -226 -976 1.1142 -2.4824 0 0 -1
-76 -222 -976 1.1142 -2.5036 0 0 -1
-76 -226 -976 1.1142 -2.4824 0 0 -1
76 -222 -976 1.9622 -2.5036 0 0 -1
76 -226 -976 1.9622 -2.4824 0 0 -1
76 -210 -952 1.9622 -2.5672 0 0 -1
-76 -214 -952 1.1142 -2.546 0 0 -1
-76 -210 -952 1.1142 -2.5672 0 0 -1
-76 -214 -952 1.1142 -2.546 0 0 -1
76 -210 -952 1.9622 -2.5672 0 0 -1
76 -214 -952 1.9622 -2.546 0 0 -1
76 -170 -744 1.9622 -4.4223 0 1 0
-76 -170 -788 1.1142 -4.6767 0 1 0
-76 -170 -744 1.1142 -4.4223 0 1 0
-76 -170 -788 1.1142 -4.6767 0 1 0
76 -170 -744 1.9622 -4.4223 0 1 0
76 -170 -788 1.9622 -4.6767 0 1 0
76 -186 -812 1.9622 -4.804 0 1 0
-76 -186 -820 1.1142 -4.8464 0 1 0
-76 -186 -812 1.1142 -4.804 0 1 0
-76 -186 -820 1.1142 -4.8464 0 1 0
76 -186 -812 1.9622 -4.804 0 1 0
76 -186 -820 1.9622 -4.8464 0 1 0
164 -198 -984 3.5524 -2.6308 1 0 0
164 -202 -880 3.0223 -2.6096 1 0 0
164 -202 -984 3.5524 -2.6096 1 0 0
164 -202 -880 3.0223 -2.6096 1 0 0
164 -198 -984 3.5524 -2.6308 1 0 0
164 -198 -880 3.0223 -2.6308 1 0 0
76 -198 -880 1.9622 -5.1644 0 1 0
-76 -198 -744 1.1142 -4.4223 0 1 0
76 -198 -744 1.9622 -4.4223 0 1 0
-76 -198 -744 1.1142 -4.4223 0 1 0
76 -198 -880 1.9622 -5.1644 0 1 0
-76 -198 -880 1.1142 -5.1644 0 1 0
-76 -198 928 1.1142 4.4188 0 1 0
76 -198 880 1.9622 4.1644 0 1 0
-76 -198 880 1.1142 4.1644 0 1 0
76 -198 880 1.9622 4.1644 0 1 0
-76 -198 928 1.1142 4.4188 0 1 0
76 -198 928 1.9622 4.4188 0 1 0
-76 -214 960 1.1142 4.5884 0 1 0
76 -214 952 1.9622 4.546 0 1 0
-76 -214 952 1.1142 4.546 0 1 0
76 -214 952 1.9622 4.546 0 1 0
-76 -214 960 1.1142 4.5884 0 1 0
76 -214 960 1.9622 4.5884 0 1 0
-76 -174 788 1.1142 -2.758 0 0 1
76 -170 788 1.9622 -2.7792 0 0 1
-76 -170 788 1.1142 -2.7792 0 0 1
76 -170 788 1.9622 -2.7792 0 0 1
-76 -174 788 1.1142 -2.758 0 0 1
76 -174 788 1.9622 -2.758 0 0 1
-76 -190 820 1.1142 -2.6732 0 0 1
76 -186 820 1.9622 -2.6944 0 0 1
-76 -186 820 1.1142 -2.6944 0 0 1
76 -186 820 1.9622 -2.6944 0 0 1
-76 -190 820 1.1142 -2.6732 0 0 1
76 -190 820 1.9622 -2.6732 0 0 1
-164 -198 880 -6.3065 -2.6308 -1 0 0
-164 -202 984 -6.8365 -2.6096 -1 0 0
-164 -198 984 -6.8365 -2.6308 -1 0 0
-164 -202 984 -6.8365 -2.6096 -1 0 0
-164 -198 880 -6.3065 -2.6308 -1 0 0
-164 -202 880 -6.3065 -2.6096 -1 0 0
-76 -198 880 1.1142 4.1644 0 1 0
-164 -198 744 0.6901 3.4223 0 1 0
-164 -198 880 0.6901 4.1644 0 1 0
-164 -198 744 0.6901 3.4223 0 1 0
-76 -198 880 1.1142 4.1644 0 1 0
-76 -198 744 1.1142 3.4223 0 1 0
608 -198 76 -2.0661 -2.6308 1 0 0
608 -202 -76 -1.218 -2.6096 1 0 0
608 -198 -76 -1.218 -2.6308 1 0 0
608 -202 -76 -1.218 -2.6096 1 0 0
608 -198 76 -2.0661 -2.6308 1 0 0
608 -202 76 -2.0661 -2.6096 1 0 0
640 -214 76 -2.0661 -2.546 1 0 0
640 -218 -76 -1.218 -2.5248 1 0 0
640 -214 -76 -1.218 -2.546 1 0 0
640 -218 -76 -1.218 -2.5248 1 0 0
640 -214 76 -2.0661 -2.546 1 0 0
640 -218 76 -2.0661 -2.5248 1 0 0
476 -174 76 -2.0661 -2.758 1 0 0
476 -178 -76 -1.218 -2.7368 1 0 0
476 -174 -76 -1.218 -2.758 1 0 0
476 -178 -76 -1.218 -2.7368 1 0 0
476 -174 76 -2.0661 -2.758 1 0 0
476 -178 76 -2.0661 -2.7368 1 0 0
508 -190 76 -2.0661 -2.6732 1 0 0
508 -194 -76 -1.218 -2.652 1 0 0
508 -190 -76 -1.218 -2.6732 1 0 0
508 -194 -76 -1.218 -2.652 1 0 0
508 -190 76 -2.0661 -2.6732 1 0 0
508 -194 76 -2.0661 -2.652 1 0 0
664 -202 164 -2.4901 -2.6096 1 0 0
664 -198 76 -2.0661 -2.6308 1 0 0
664 -198 164 -2.4901 -2.6308 1 0 0
664 -198 76 -2.0661 -2.6308 1 0 0
664 -202 164 -2.4901 -2.6096 1 0 0
664 -202 76 -2.0661 -2.6096 1 0 0
560 -198 -76 4.5065 -2.6308 0 0 1
664 -202 -76 5.0365 -2.6096 0 0 1
664 -198 -76 5.0365 -2.6308 0 0 1
664 -202 -76 5.0365 -2.6096 0 0 1
560 -198 -76 4.5065 -2.6308 0 0 1
560 -202 -76 4.5065 -2.6096 0 0 1
-632 -210 -76 -1.8117 -0.924 0 1 0
-624 -210 76 -1.7693 -0.076 0 1 0
-624 -210 -76 -1.7693 -0.924 0 1 0
-624 -210 76 -1.7693 -0.076 0 1 0
-632 -210 -76 -1.8117 -0.924 0 1 0
-632 -210 76 -1.8117 -0.076 0 1 0
-468 -170 -76 -0.9424 -0.924 0 1 0
-424 -170 76 -0.688 -0.076 0 1 0
-424 -170 -76 -0.688 -0.924 0 1 0
-424 -170 76 -0.688 -0.076 0 1 0
-468 -170 -76 -0.9424 -0.924 0 1 0
-468 -170 76 -0.9424 -0.076 0 1 0
-500 -186 -76 -1.112 -0.924 0 1 0
-492 -186 76 -1.0696 -0.076 0 1 0
-492 -186 -76 -1.0696 -0.924 0 1 0
-492 -186 76 -1.0696 -0.076 0 1 0
-500 -186 -76 -1.112 -0.924 0 1 0
-500 -186 76 -1.112 -0.076 0 1 0
-560 -202 164 -1.43 -2.6096 0 0 1
-664 -198 164 -1.9601 -2.6308 0 0 1
-664 -202 164 -1.9601 -2.6096 0 0 1
-664 -198 164 -1.9601 -2.6308 0 0 1
-560 -202 164 -1.43 -2.6096 0 0 1
-560 -198 164 -1.43 -2.6308 0 0 1
-424 -198 -76 -0.688 -0.924 0 1 0
-560 -198 76 -1.43 -0.076 0 1 0
-424 -198 76 -0.688 -0.076 0 1 0
-560 -198 76 -1.43 -0.076 0 1 0
-424 -198 -76 -0.688 -0.924 0 1 0
-560 -198 -76 -1.43 -0.924 0 1 0
424 -174 -744 1.1142 -5.5036 0 -1 0
-411.28 -174 -721.68 1.1142 -5.5036 0 -1 0
-424 -174 -744 1.1142 -5.5036 0 -1 0
-411.28 -174 -721.68 1.1142 -5.5036 0 -1 0
424 -174 -744 1.1142 -5.5036 0 -1 0
411.28 -174 -721.68 1.1142 -5.5036 0 -1 0
-560 -202 76 1.1142 -5.5036 0 -1 0
-658.6 -202 80.08 1.1142 -5.5036 0 -1 0
-664 -202 76 1.1142 -5.5036 0 -1 0
-658.6 -202 80.08 1.1142 -5.5036 0 -1 0
-560 -202 76 1.1142 -5.5036 0 -1 0
-559.28 -202 79.78 1.1142 -5.5036 0 -1 0
76 -202 -984 1.1142 -5.5036 0 -1 0
154.16 -202 -976.8 1.1142 -5.5036 0 -1 0
82.24 -202 -976.8 1.1142 -5.5036 0 -1 0
154.16 -202 -976.8 1.1142 -5.5036 0 -1 0
76 -202 -984 1.1142 -5.5036 0 -1 0
164 -202 -984 1.1142 -5.5036 0 -1 0
664 -202 164 1.1142 -5.5036 0 -1 0
657.4 -202 83.7199 1.1142 -5.5036 0 -1 0
664 -202 76 1.1142 -5.5036 0 -1 0
657.4 -202 83.7199 1.1142 -5.5036 0 -1 0
664 -202 164 1.1142 -5.5036 0 -1 0
657.4 -202 154.98 1.1142 -5.5036 0 -1 0
-76 -202 984 1.1142 -5.5036 0 -1 0
-153.34 -202 976.2 1.1142 -5.5036 0 -1 0
-82.56 -202 976.2 1.1142 -5.5036 0 -1 0
-153.34 -202 976.2 1.1142 -5.5036 0 -1 0
-76 -202 984 1.1142 -5.5036 0 -1 0
-164 -202 984 1.1142 -5.5036 0 -1 0
76 -202 -928 1.9622 -5.4188 0 1 0
-76 -202 -936 1.1142 -5.4612 0 1 0
-76 -202 -928 1.1142 -5.4188 0 1 0
-76 -202 -936 1.1142 -5.4612 0 1 0
76 -202 -928 1.9622 -5.4188 0 1 0
76 -202 -936 1.9622 -5.4612 0 1 0
76 -218 -960 1.9622 -5.5884 0 1 0
-76 -218 -968 1.1142 -5.6308 0 1 0
-76 -218 -960 1.1142 -5.5884 0 1 0
-76 -218 -968 1.1142 -5.6308 0 1 0
76 -218 -960 1.9622 -5.5884 0 1 0
76 -218 -968 1.9622 -5.6308 0 1 0
76 -174 -796 1.9622 -2.758 0 0 -1
-76 -178 -796 1.1142 -2.7368 0 0 -1
-76 -174 -796 1.1142 -2.758 0 0 -1
-76 -178 -796 1.1142 -2.7368 0 0 -1
76 -174 -796 1.9622 -2.758 0 0 -1
76 -178 -796 1.9622 -2.7368 0 0 -1
76 -190 -828 1.9622 -2.6732 0 0 -1
-76 -194 -828 1.1142 -2.652 0 0 -1
-76 -190 -828 1.1142 -2.6732 0 0 -1
-76 -194 -828 1.1142 -2.652 0 0 -1
76 -190 -828 1.9622 -2.6732 0 0 -1
76 -194 -828 1.9622 -2.652 0 0 -1
164 -202 -984 2.3863 -2.6096 0 0 -1
76 -198 -984 1.9622 -2.6308 0 0 -1
164 -198 -984 2.3863 -2.6308 0 0 -1
76 -198 -984 1.9622 -2.6308 0 0 -1
164 -202 -984 2.3863 -2.6096 0 0 -1
76 -202 -984 1.9622 -2.6096 0 0 -1
-76 -198 -880 3.0223 -2.6308 1 0 0
-76 -202 -984 3.5524 -2.6096 1 0 0
-76 -198 -984 3.5524 -2.6308 1 0 0
-76 -202 -984 3.5524 -2.6096 1 0 0
-76 -198 -880 3.0223 -2.6308 1 0 0
-76 -202 -880 3.0223 -2.6096 1 0 0
-76 -206 936 1.1142 -2.5884 0 0 1
76 -202 936 1.9622 -2.6096 0 0 1
-76 -202 936 1.1142 -2.6096 0 0 1
76 -202 936 1.9622 -2.6096 0 0 1
-76 -206 936 1.1142 -2.5884 0 0 1
76 -206 936 1.9622 -2.5884 0 0 1
-76 -222 968 1.1142 -2.5036 0 0 1
76 -218 968 1.9622 -2.5248 0 0 1
-76 -218 968 1.1142 -2.5248 0 0 1
76 -218 968 1.9622 -2.5248 0 0 1
-76 -222 968 1.1142 -2.5036 0 0 1
76 -222 968 1.9622 -2.5036 0 0 1
-76 -178 804 1.1142 3.7616 0 1 0
76 -178 796 1.9622 3.7192 0 1 0
-76 -178 796 1.1142 3.7192 0 1 0
76 -178 796 1.9622 3.7192 0 1 0
-76 -178 804 1.1142 3.7616 0 1 0
76 -178 804 1.9622 3.7616 0 1 0
-76 -194 836 1.1142 3.9312 0 1 0
76 -194 828 1.9622 3.8888 0 1 0
-76 -194 828 1.1142 3.8888 0 1 0
76 -194 828 1.9622 3.8888 0 1 0
-76 -194 836 1.1142 3.9312 0 1 0
76 -194 836 1.9622 3.9312 0 1 0
76 -198 880 1.9622 4.1644 0 1 0
164 -198 984 2.3863 4.6944 0 1 0
164 -198 880 2.3863 4.1644 0 1 0
164 -198 984 2.3863 4.6944 0 1 0
76 -198 880 1.9622 4.1644 0 1 0
76 -198 984 1.9622 4.6944 0 1 0
424 -170 744 -5.5644 -2.7792 1 0 0
424 -174 744 -5.5644 -2.758 1 0 0
424 -174 0 -1.6421 -2.758 1 0 0
424 -174 0 -1.6421 -2.758 1 0 0
424 -170 0 -1.6421 -2.7792 1 0 0
424 -170 744 -5.5644 -2.7792 1 0 0
616 -206 76 4.8033 -0.076 0 1 0
624 -206 -76 4.8457 -0.924 0 1 0
616 -206 -76 4.8033 -0.924 0 1 0
624 -206 -76 4.8457 -0.924 0 1 0
616 -206 76 4.8033 -0.076 0 1 0
624 -206 76 4.8457 -0.076 0 1 0
648 -222 76 4.9729 -0.076 0 1 0
656 -222 -76 5.0153 -0.924 0 1 0
648 -222 -76 4.9729 -0.924 0 1 0
656 -222 -76 5.0153 -0.924 0 1 0
648 -222 76 4.9729 -0.076 0 1 0
656 -222 76 5.0153 -0.076 0 1 0
484 -182 76 4.1036 -0.076 0 1 0
492 -182 -76 4.146 -0.924 0 1 0
484 -182 -76 4.1036 -0.924 0 1 0
492 -182 -76 4.146 -0.924 0 1 0
484 -182 76 4.1036 -0.076 0 1 0
492 -182 76 4.146 -0.076 0 1 0
424 -198 -76 3.7644 -2.6308 0 0 -1
424 -170 -76 3.7644 -2.7792 0 0 -1
468 -170 -76 4.0188 -2.7792 0 0 -1
508 -194 -76 4.2308 -2.652 0 0 -1
516 -194 -76 4.2732 -2.652 0 0 -1
516 -198 -76 4.2732 -2.6308 0 0 -1
484 -182 -76 4.1036 -2.7156 0 0 -1
492 -182 -76 4.146 -2.7156 0 0 -1
492 -186 -76 4.146 -2.6944 0 0 -1
468 -174 -76 4.0188 -2.758 0 0 -1
476 -174 -76 4.0612 -2.758 0 0 -1
476 -178 -76 4.0612 -2.7368 0 0 -1
476 -178 -76 4.0612 -2.7368 0 0 -1
484 -178 -76 4.1036 -2.7368 0 0 -1
484 -182 -76 4.1036 -2.7156 0 0 -1
500 -190 -76 4.1884 -2.6732 0 0 -1
508 -190 -76 4.2308 -2.6732 0 0 -1
508 -194 -76 4.2308 -2.652 0 0 -1
492 -186 -76 4.146 -2.6944 0 0 -1
500 -186 -76 4.1884 -2.6944 0 0 -1
500 -190 -76 4.1884 -2.6732 0 0 -1
424 -198 -76 3.7644 -2.6308 0 0 -1
468 -170 -76 4.0188 -2.7792 0 0 -1
468 -174 -76 4.0188 -2.758 0 0 -1
424 -198 -76 3.7644 -2.6308 0 0 -1
468 -174 -76 4.0188 -2.758 0 0 -1
476 -178 -76 4.0612 -2.7368 0 0 -1
424 -198 -76 3.7644 -2.6308 0 0 -1
476 -178 -76 4.0612 -2.7368 0 0 -1
484 -182 -76 4.1036 -2.7156 0 0 -1
424 -198 -76 3.7644 -2.6308 0 0 -1
484 -182 -76 4.1036 -2.7156 0 0 -1
492 -186 -76 4.146 -2.6944 0 0 -1
424 -198 -76 3.7644 -2.6308 0 0 -1
492 -186 -76 4.146 -2.6944 0 0 -1
500 -190 -76 4.1884 -2.6732 0 0 -1
424 -198 -76 3.7644 -2.6308 0 0 -1
500 -190 -76 4.1884 -2.6732 0 0 -1
508 -194 -76 4.2308 -2.652 0 0 -1
508 -194 -76 4.2308 -2.652 0 0 -1
516 -198 -76 4.2732 -2.6308 0 0 -1
424 -198 -76 3.7644 -2.6308 0 0 -1
664 -198 -164 -0.794 -2.6308 1 0 0
664 -202 -76 -1.218 -2.6096 1 0 0
664 -202 -164 -0.794 -2.6096 1 0 0
664 -202 -76 -1.218 -2.6096 1 0 0
664 -198 -164 -0.794 -2.6308 1 0 0
664 -198 -76 -1.218 -2.6308 1 0 0
-608 -202 -76 -1.218 -2.6096 -1 0 0
-608 -198 76 -2.0661 -2.6308 -1 0 0
-608 -198 -76 -1.218 -2.6308 -1 0 0
-608 -198 76 -2.0661 -2.6308 -1 0 0
-608 -202 -76 -1.218 -2.6096 -1 0 0
-608 -202 76 -2.0661 -2.6096 -1 0 0
-640 -218 -76 -1.218 -2.5248 -1 0 0
-640 -214 76 -2.0661 -2.546 -1 0 0
-640 -214 -76 -1.218 -2.546 -1 0 0
-640 -214 76 -2.0661 -2.546 -1 0 0
-640 -218 -76 -1.218 -2.5248 -1 0 0
-640 -218 76 -2.0661 -2.5248 -1 0 0
-476 -178 -76 -1.218 -2.7368 -1 0 0
-476 -174 76 -2.0661 -2.758 -1 0 0
-476 -174 -76 -1.218 -2.758 -1 0 0
-476 -174 76 -2.0661 -2.758 -1 0 0
-476 -178 -76 -1.218 -2.7368 -1 0 0
-476 -178 76 -2.0661 -2.7368 -1 0 0
-508 -194 -76 -1.218 -2.652 -1 0 0
-508 -190 76 -2.0661 -2.6732 -1 0 0
-508 -190 -76 -1.218 -2.6732 -1 0 0
-508 -190 76 -2.0661 -2.6732 -1 0 0
-508 -194 -76 -1.218 -2.652 -1 0 0
-508 -194 76 -2.0661 -2.652 -1 0 0
-664 -198 76 -2.0661 -2.6308 -1 0 0
-664 -202 164 -2.4901 -2.6096 -1 0 0
-664 -198 164 -2.4901 -2.6308 -1 0 0
-664 -202 164 -2.4901 -2.6096 -1 0 0
-664 -198 76 -2.0661 -2.6308 -1 0 0
-664 -202 76 -2.0661 -2.6096 -1 0 0
-664 -202 -76 -1.9601 -2.6096 0 0 1
-560 -198 -76 -1.43 -2.6308 0 0 1
-664 -198 -76 -1.9601 -2.6308 0 0 1
-560 -198 -76 -1.43 -2.6308 0 0 1
-664 -202 -76 -1.9601 -2.6096 0 0 1
-560 -202 -76 -1.43 -2.6096 0 0 1
-560 -202 -164 1.1142 -5.5036 0 -1 0
-429.4 -202 -156.62 1.1142 -5.5036 0 -1 0
-559.28 -202 -156.62 1.1142 -5.5036 0 -1 0
-429.4 -202 -156.62 1.1142 -5.5036 0 -1 0
-560 -202 -164 1.1142 -5.5036 0 -1 0
-424 -202 -164 1.1142 -5.5036 0 -1 0
-154.16 -202 -751.2 1.1142 -5.5036 0 -1 0
-164 -202 -880 1.1142 -5.5036 0 -1 0
-154.16 -202 -879.04 1.1142 -5.5036 0 -1 0
-164 -202 -880 1.1142 -5.5036 0 -1 0
-154.16 -202 -751.2 1.1142 -5.5036 0 -1 0
-164 -202 -744 1.1142 -5.5036 0 -1 0
560 -202 164 1.1142 -5.5036 0 -1 0
430.6 -202 154.98 1.1142 -5.5036 0 -1 0
559.12 -202 154.98 1.1142 -5.5036 0 -1 0
430.6 -202 154.98 1.1142 -5.5036 0 -1 0
560 -202 164 1.1142 -5.5036 0 -1 0
424 -202 164 1.1142 -5.5036 0 -1 0
153.34 -202 751.8 1.1142 -5.5036 0 -1 0
164 -202 880 1.1142 -5.5036 0 -1 0
153.34 -202 878.96 1.1142 -5.5036 0 -1 0
164 -202 880 1.1142 -5.5036 0 -1 0
153.34 -202 751.8 1.1142 -5.5036 0 -1 0
164 -202 744 1.1142 -5.5036 0 -1 0
76 -198 -928 1.9622 -2.6308 0 0 -1
-76 -202 -928 1.1142 -2.6096 0 0 -1
-76 -198 -928 1.1142 -2.6308 0 0 -1
-76 -202 -928 1.1142 -2.6096 0 0 -1
76 -198 -928 1.9622 -2.6308 0 0 -1
76 -202 -928 1.9622 -2.6096 0 0 -1
76 -214 -960 1.9622 -2.546 0 0 -1
-76 -218 -960 1.1142 -2.5248 0 0 -1
-76 -214 -960 1.1142 -2.546 0 0 -1
-76 -218 -960 1.1142 -2.5248 0 0 -1
76 -214 -960 1.9622 -2.546 0 0 -1
76 -218 -960 1.9622 -2.5248 0 0 -1
76 -174 -788 1.9622 -4.6767 0 1 0
-76 -174 -796 1.1142 -4.7192 0 1 0
-76 -174 -788 1.1142 -4.6767 0 1 0
-76 -174 -796 1.1142 -4.7192 0 1 0
76 -174 -788 1.9622 -4.6767 0 1 0
76 -174 -796 1.9622 -4.7192 0 1 0
76 -190 -820 1.9622 -4.8464 0 1 0
-76 -190 -828 1.1142 -4.8888 0 1 0
-76 -190 -820 1.1142 -4.8464 0 1 0
-76 -190 -828 1.1142 -4.8888 0 1 0
76 -190 -820 1.9622 -4.8464 0 1 0
76 -190 -828 1.9622 -4.8888 0 1 0
-164 -198 -744 2.2803 -2.6308 -1 0 0
-164 -202 -880 3.0223 -2.6096 -1 0 0
-164 -202 -744 2.2803 -2.6096 -1 0 0
-164 -202 -880 3.0223 -2.6096 -1 0 0
-164 -198 -744 2.2803 -2.6308 -1 0 0
-164 -198 -880 3.0223 -2.6308 -1 0 0
76 -198 -984 3.5524 -2.6308 -1 0 0
76 -202 -880 3.0223 -2.6096 -1 0 0
76 -198 -880 3.0223 -2.6308 -1 0 0
76 -202 -880 3.0223 -2.6096 -1 0 0
76 -198 -984 3.5524 -2.6308 -1 0 0
76 -202 -984 3.5524 -2.6096 -1 0 0
-76 -202 936 1.1142 4.4612 0 1 0
76 -202 928 1.9622 4.4188 0 1 0
-76 -202 928 1.1142 4.4188 0 1 0
76 -202 928 1.9622 4.4188 0 1 0
-76 -202 936 1.1142 4.4612 0 1 0
76 -202 936 1.9622 4.4612 0 1 0
-76 -218 968 1.1142 4.6308 0 1 0
76 -218 960 1.9622 4.5884 0 1 0
-76 -218 960 1.1142 4.5884 0 1 0
76 -218 960 1.9622 4.5884 0 1 0
-76 -218 968 1.1142 4.6308 0 1 0
76 -218 968 1.9622 4.6308 0 1 0
-76 -178 796 1.1142 -2.7368 0 0 1
76 -174 796 1.9622 -2.758 0 0 1
-76 -174 796 1.1142 -2.758 0 0 1
76 -174 796 1.9622 -2.758 0 0 1
-76 -178 796 1.1142 -2.7368 0 0 1
76 -178 796 1.9622 -2.7368 0 0 1
-76 -194 828 1.1142 -2.652 0 0 1
76 -190 828 1.9622 -2.6732 0 0 1
-76 -190 828 1.1142 -2.6732 0 0 1
76 -190 828 1.9622 -2.6732 0 0 1
-76 -194 828 1.1142 -2.652 0 0 1
76 -194 828 1.9622 -2.652 0 0 1
76 -198 984 1.9622 -2.6308 0 0 1
164 -202 984 2.3863 -2.6096 0 0 1
164 -198 984 2.3863 -2.6308 0 0 1
164 -202 984 2.3863 -2.6096 0 0 1
76 -198 984 1.9622 -2.6308 0 0 1
76 -202 984 1.9622 -2.6096 0 0 1
-76 -202 984 -6.8365 -2.6096 1 0 0
-76 -198 880 -6.3065 -2.6308 1 0 0
-76 -198 984 -6.8365 -2.6308 1 0 0
-76 -198 880 -6.3065 -2.6308 1 0 0
-76 -202 984 -6.8365 -2.6096 1 0 0
-76 -202 880 -6.3065 -2.6096 1 0 0
616 -202 76 -2.0661 -2.6096 1 0 0
616 -206 -76 -1.218 -2.5884 1 0 0
616 -202 -76 -1.218 -2.6096 1 0 0
616 -206 -76 -1.218 -2.5884 1 0 0
616 -202 76 -2.0661 -2.6096 1 0 0
616 -206 76 -2.0661 -2.5884 1 0 0
648 -218 76 -2.0661 -2.5248 1 0 0
648 -222 -76 -1.218 -2.5036 1 0 0
648 -218 -76 -1.218 -2.5248 1 0 0
648 -222 -76 -1.218 -2.5036 1 0 0
648 -218 76 -2.0661 -2.5248 1 0 0
648 -222 76 -2.0661 -2.5036 1 0 0
484 -178 76 -2.0661 -2.7368 1 0 0
484 -182 -76 -1.218 -2.7156 1 0 0
484 -178 -76 -1.218 -2.7368 1 0 0
484 -182 -76 -1.218 -2.7156 1 0 0
484 -178 76 -2.0661 -2.7368 1 0 0
484 -182 76 -2.0661 -2.7156 1 0 0
468 -170 76 4.0188 -2.7792 0 0 1
424 -170 76 3.7644 -2.7792 0 0 1
424 -198 76 3.7644 -2.6308 0 0 1
476 -178 76 4.0612 -2.7368 0 0 1
476 -174 76 4.0612 -2.758 0 0 1
468 -174 76 4.0188 -2.758 0 0 1
492 -186 76 4.146 -2.6944 0 0 1
492 -182 76 4.146 -2.7156 0 0 1
484 -182 76 4.1036 -2.7156 0 0 1
516 -198 76 4.2732 -2.6308 0 0 1
516 -194 76 4.2732 -2.652 0 0 1
508 -194 76 4.2308 -2.652 0 0 1
484 -182 76 4.1036 -2.7156 0 0 1
484 -178 76 4.1036 -2.7368 0 0 1
476 -178 76 4.0612 -2.7368 0 0 1
500 -190 76 4.1884 -2.6732 0 0 1
500 -186 76 4.1884 -2.6944 0 0 1
492 -186 76 4.146 -2.6944 0 0 1
508 -194 76 4.2308 -2.652 0 0 1
508 -190 76 4.2308 -2.6732 0 0 1
500 -190 76 4.1884 -2.6732 0 0 1
468 -174 76 4.0188 -2.758 0 0 1
468 -170 76 4.0188 -2.7792 0 0 1
424 -198 76 3.7644 -2.6308 0 0 1
476 -178 76 4.0612 -2.7368 0 0 1
468 -174 76 4.0188 -2.758 0 0 1
424 -198 76 3.7644 -2.6308 0 0 1
484 -182 76 4.1036 -2.7156 0 0 1
476 -178 76 4.0612 -2.7368 0 0 1
424 -198 76 3.7644 -2.6308 0 0 1
492 -186 76 4.146 -2.6944 0 0 1
484 -182 76 4.1036 -2.7156 0 0 1
424 -198 76 3.7644 -2.6308 0 0 1
500 -190 76 4.1884 -2.6732 0 0 1
492 -186 76 4.146 -2.6944 0 0 1
424 -198 76 3.7644 -2.6308 0 0 1
508 -194 76 4.2308 -2.652 0 0 1
500 -190 76 4.1884 -2.6732 0 0 1
424 -198 76 3.7644 -2.6308 0 0 1
424 -198 76 3.7644 -2.6308 0 0 1
516 -198 76 4.2732 -2.6308 0 0 1
508 -194 76 4.2308 -2.652 0 0 1
560 -198 76 4.5065 -0.076 0 1 0
424 -198 164 3.7644 0.3481 0 1 0
560 -198 164 4.5065 0.3481 0 1 0
424 -198 164 3.7644 0.3481 0 1 0
560 -198 76 4.5065 -0.076 0 1 0
424 -198 76 3.7644 -0.076 0 1 0
-608 -198 -76 -1.6845 -0.924 0 1 0
-560 -198 76 -1.43 -0.076 0 1 0
-560 -198 -76 -1.43 -0.924 0 1 0
-560 -198 76 -1.43 -0.076 0 1 0
-608 -198 -76 -1.6845 -0.924 0 1 0
-608 -198 76 -1.6845 -0.076 0 1 0
-640 -214 -76 -1.8541 -0.924 0 1 0
-632 -214 76 -1.8117 -0.076 0 1 0
-632 -214 -76 -1.8117 -0.924 0 1 0
-632 -214 76 -1.8117 -0.076 0 1 0
-640 -214 -76 -1.8541 -0.924 0 1 0
-640 -214 76 -1.8541 -0.076 0 1 0
-476 -174 -76 -0.9848 -0.924 0 1 0
-468 -174 76 -0.9424 -0.076 0 1 0
-468 -174 -76 -0.9424 -0.924 0 1 0
-468 -174 76 -0.9424 -0.076 0 1 0
-476 -174 -76 -0.9848 -0.924 0 1 0
-476 -174 76 -0.9848 -0.076 0 1 0
-508 -190 -76 -1.1544 -0.924 0 1 0
-500 -190 76 -1.112 -0.076 0 1 0
-500 -190 -76 -1.112 -0.924 0 1 0
-500 -190 76 -1.112 -0.076 0 1 0
-508 -190 -76 -1.1544 -0.924 0 1 0
-508 -190 76 -1.1544 -0.076 0 1 0
-560 -202 -164 -1.43 -2.6096 0 0 -1
-424 -198 -164 -0.688 -2.6308 0 0 -1
-424 -202 -164 -0.688 -2.6096 0 0 -1
-424 -198 -164 -0.688 -2.6308 0 0 -1
-560 -202 -164 -1.43 -2.6096 0 0 -1
-560 -198 -164 -1.43 -2.6308 0 0 -1
-560 -202 76 -1.43 -2.6096 0 0 -1
-664 -198 76 -1.9601 -2.6308 0 0 -1
-560 -198 76 -1.43 -2.6308 0 0 -1
-664 -198 76 -1.9601 -2.6308 0 0 -1
-560 -202 76 -1.43 -2.6096 0 0 -1
-664 -202 76 -1.9601 -2.6096 0 0 -1
-658.6 -202 -156.62 1.1142 -5.5036 0 -1 0
-560 -202 -164 1.1142 -5.5036 0 -1 0
-559.28 -202 -156.62 1.1142 -5.5036 0 -1 0
-560 -202 -164 1.1142 -5.5036 0 -1 0
-658.6 -202 -156.62 1.1142 -5.5036 0 -1 0
-664 -202 -164 1.1142 -5.5036 0 -1 0
-164 -202 -880 1.1142 -5.5036 0 -1 0
-154.16 -202 -976.8 1.1142 -5.5036 0 -1 0
-154.16 -202 -879.04 1.1142 -5.5036 0 -1 0
-154.16 -202 -976.8 1.1142 -5.5036 0 -1 0
-164 -202 -880 1.1142 -5.5036 0 -1 0
-164 -202 -984 1.1142 -5.5036 0 -1 0
657.4 -202 154.98 1.1142 -5.5036 0 -1 0
560 -202 164 1.1142 -5.5036 0 -1 0
559.12 -202 154.98 1.1142 -5.5036 0 -1 0
560 -202 164 1.1142 -5.5036 0 -1 0
657.4 -202 154.98 1.1142 -5.5036 0 -1 0
664 -202 164 1.1142 -5.5036 0 -1 0
164 -202 880 1.1142 -5.5036 0 -1 0
153.34 -202 976.2 1.1142 -5.5036 0 -1 0
153.34 -202 878.96 1.1142 -5.5036 0 -1 0
153.34 -202 976.2 1.1142 -5.5036 0 -1 0
164 -202 880 1.1142 -5.5036 0 -1 0
164 -202 984 1.1142 -5.5036 0 -1 0
76 -202 -936 1.9622 -2.6096 0 0 -1
-76 -206 -936 1.1142 -2.5884 0 0 -1
-76 -202 -936 1.1142 -2.6096 0 0 -1
-76 -206 -936 1.1142 -2.5884 0 0 -1
76 -202 -936 1.9622 -2.6096 0 0 -1
76 -206 -936 1.9622 -2.5884 0 0 -1
76 -218 -968 1.9622 -2.5248 0 0 -1
-76 -222 -968 1.1142 -2.5036 0 0 -1
-76 -218 -968 1.1142 -2.5248 0 0 -1
-76 -222 -968 1.1142 -2.5036 0 0 -1
76 -218 -968 1.9622 -2.5248 0 0 -1
76 -222 -968 1.9622 -2.5036 0 0 -1
76 -178 -796 1.9622 -4.7192 0 1 0
-76 -178 -804 1.1142 -4.7616 0 1 0
-76 -178 -796 1.1142 -4.7192 0 1 0
-76 -178 -804 1.1142 -4.7616 0 1 0
76 -178 -796 1.9622 -4.7192 0 1 0
76 -178 -804 1.9622 -4.7616 0 1 0
76 -194 -828 1.9622 -4.8888 0 1 0
-76 -194 -836 1.1142 -4.9312 0 1 0
-76 -194 -828 1.1142 -4.8888 0 1 0
-76 -194 -836 1.1142 -4.9312 0 1 0
76 -194 -828 1.9622 -4.8888 0 1 0
76 -194 -836 1.9622 -4.9312 0 1 0
164 -198 -984 2.3863 -5.6944 0 1 0
76 -198 -880 1.9622 -5.1644 0 1 0
164 -198 -880 2.3863 -5.1644 0 1 0
76 -198 -880 1.9622 -5.1644 0 1 0
164 -198 -984 2.3863 -5.6944 0 1 0
76 -198 -984 1.9622 -5.6944 0 1 0
424 -174 0 -1.6421 -2.758 1 0 0
424 -174 -744 2.2803 -2.758 1 0 0
424 -170 -744 2.2803 -2.7792 1 0 0
424 -170 -744 2.2803 -2.7792 1 0 0
424 -170 0 -1.6421 -2.7792 1 0 0
424 -174 0 -1.6421 -2.758 1 0 0
-76 -206 944 1.1142 4.5036 0 1 0
76 -206 936 1.9622 4.4612 0 1 0
-76 -206 936 1.1142 4.4612 0 1 0
76 -206 936 1.9622 4.4612 0 1 0
-76 -206 944 1.1142 4.5036 0 1 0
76 -206 944 1.9622 4.5036 0 1 0
-76 -222 976 1.1142 4.6732 0 1 0
76 -222 968 1.9622 4.6308 0 1 0
-76 -222 968 1.1142 4.6308 0 1 0
76 -222 968 1.9622 4.6308 0 1 0
-76 -222 976 1.1142 4.6732 0 1 0
76 -222 976 1.9622 4.6732 0 1 0
-76 -182 804 1.1142 -2.7156 0 0 1
76 -178 804 1.9622 -2.7368 0 0 1
-76 -178 804 1.1142 -2.7368 0 0 1
76 -178 804 1.9622 -2.7368 0 0 1
-76 -182 804 1.1142 -2.7156 0 0 1
76 -182 804 1.9622 -2.7156 0 0 1
76 -198 744 -5.5644 -2.6308 1 0 0
76 -170 744 -5.5644 -2.7792 1 0 0
76 -170 788 -5.8188 -2.7792 1 0 0
76 -178 796 -5.8612 -2.7368 1 0 0
76 -178 804 -5.9036 -2.7368 1 0 0
76 -182 804 -5.9036 -2.7156 1 0 0
76 -194 828 -6.0308 -2.652 1 0 0
76 -194 836 -6.0732 -2.652 1 0 0
76 -198 836 -6.0732 -2.6308 1 0 0
76 -190 820 -5.9884 -2.6732 1 0 0
76 -190 828 -6.0308 -2.6732 1 0 0
76 -194 828 -6.0308 -2.652 1 0 0
76 -186 812 -5.946 -2.6944 1 0 0
76 -186 820 -5.9884 -2.6944 1 0 0
76 -190 820 -5.9884 -2.6732 1 0 0
76 -182 804 -5.9036 -2.7156 1 0 0
76 -182 812 -5.946 -2.7156 1 0 0
76 -186 812 -5.946 -2.6944 1 0 0
76 -174 788 -5.8188 -2.758 1 0 0
76 -174 796 -5.8612 -2.758 1 0 0
76 -178 796 -5.8612 -2.7368 1 0 0
76 -198 744 -5.5644 -2.6308 1 0 0
76 -170 788 -5.8188 -2.7792 1 0 0
76 -174 788 -5.8188 -2.758 1 0 0
76 -198 744 -5.5644 -2.6308 1 0 0
76 -174 788 -5.8188 -2.758 1 0 0
76 -178 796 -5.8612 -2.7368 1 0 0
76 -198 744 -5.5644 -2.6308 1 0 0
76 -178 796 -5.8612 -2.7368 1 0 0
76 -182 804 -5.9036 -2.7156 1 0 0
76 -198 744 -5.5644 -2.6308 1 0 0
76 -182 804 -5.9036 -2.7156 1 0 0
76 -186 812 -5.946 -2.6944 1 0 0
76 -198 744 -5.5644 -2.6308 1 0 0
76 -186 812 -5.946 -2.6944 1 0 0
76 -190 820 -5.9884 -2.6732 1 0 0
76 -198 744 -5.5644 -2.6308 1 0 0
76 -190 820 -5.9884 -2.6732 1 0 0
76 -194 828 -6.0308 -2.652 1 0 0
76 -194 828 -6.0308 -2.652 1 0 0
76 -198 836 -6.0732 -2.6308 1 0 0
76 -198 744 -5.5644 -2.6308 1 0 0
164 -198 744 2.3863 3.4223 0 1 0
76 -198 880 1.9622 4.1644 0 1 0
164 -198 880 2.3863 4.1644 0 1 0
76 -198 880 1.9622 4.1644 0 1 0
164 -198 744 2.3863 3.4223 0 1 0
76 -198 744 1.9622 3.4223 0 1 0
-424 -174 744 -5.5644 -2.758 -1 0 0
-424 -170 744 -5.5644 -2.7792 -1 0 0
-424 -170 0 -1.6421 -2.7792 -1 0 0
-424 -170 0 -1.6421 -2.7792 -1 0 0
-424 -174 0 -1.6421 -2.758 -1 0 0
-424 -174 744 -5.5644 -2.758 -1 0 0
624 -206 76 -2.0661 -2.5884 1 0 0
624 -210 -76 -1.218 -2.5672 1 0 0
624 -206 -76 -1.218 -2.5884 1 0 0
624 -210 -76 -1.218 -2.5672 1 0 0
624 -206 76 -2.0661 -2.5884 1 0 0
624 -210 76 -2.0661 -2.5672 1 0 0
516 -194 76 -2.0661 -2.652 1 0 0
516 -198 -76 -1.218 -2.6308 1 0 0
516 -194 -76 -1.218 -2.652 1 0 0
516 -198 -76 -1.218 -2.6308 1 0 0
516 -194 76 -2.0661 -2.652 1 0 0
516 -198 76 -2.0661 -2.6308 1 0 0
492 -182 76 -2.0661 -2.7156 1 0 0
492 -186 -76 -1.218 -2.6944 1 0 0
492 -182 -76 -1.218 -2.7156 1 0 0
492 -186 -76 -1.218 -2.6944 1 0 0
492 -182 76 -2.0661 -2.7156 1 0 0
492 -186 76 -2.0661 -2.6944 1 0 0
424 -202 164 3.7644 -2.6096 0 0 1
560 -198 164 4.5065 -2.6308 0 0 1
424 -198 164 3.7644 -2.6308 0 0 1
560 -198 164 4.5065 -2.6308 0 0 1
424 -202 164 3.7644 -2.6096 0 0 1
560 -202 164 4.5065 -2.6096 0 0 1
560 -198 -164 4.5065 -1.3481 0 1 0
664 -198 -76 5.0365 -0.924 0 1 0
664 -198 -164 5.0365 -1.3481 0 1 0
664 -198 -76 5.0365 -0.924 0 1 0
560 -198 -164 4.5065 -1.3481 0 1 0
560 -198 -76 4.5065 -0.924 0 1 0
-616 -202 -76 -1.7269 -0.924 0 1 0
-608 -202 76 -1.6845 -0.076 0 1 0
-608 -202 -76 -1.6845 -0.924 0 1 0
-608 -202 76 -1.6845 -0.076 0 1 0
-616 -202 -76 -1.7269 -0.924 0 1 0
-616 -202 76 -1.7269 -0.076 0 1 0
-648 -218 -76 -1.8965 -0.924 0 1 0
-640 -218 76 -1.8541 -0.076 0 1 0
-640 -218 -76 -1.8541 -0.924 0 1 0
-640 -218 76 -1.8541 -0.076 0 1 0
-648 -218 -76 -1.8965 -0.924 0 1 0
-648 -218 76 -1.8965 -0.076 0 1 0
-484 -178 -76 -1.0272 -0.924 0 1 0
-476 -178 76 -0.9848 -0.076 0 1 0
-476 -178 -76 -0.9848 -0.924 0 1 0
-476 -178 76 -0.9848 -0.076 0 1 0
-484 -178 -76 -1.0272 -0.924 0 1 0
-484 -178 76 -1.0272 -0.076 0 1 0
-516 -194 -76 -1.1968 -0.924 0 1 0
-508 -194 76 -1.1544 -0.076 0 1 0
-508 -194 -76 -1.1544 -0.924 0 1 0
-508 -194 76 -1.1544 -0.076 0 1 0
-516 -194 -76 -1.1968 -0.924 0 1 0
-516 -194 76 -1.1968 -0.076 0 1 0
-560 -198 76 -1.43 -0.076 0 1 0
-664 -198 164 -1.9601 0.3481 0 1 0
-560 -198 164 -1.43 0.3481 0 1 0
-664 -198 164 -1.9601 0.3481 0 1 0
-560 -198 76 -1.43 -0.076 0 1 0
-664 -198 76 -1.9601 -0.076 0 1 0
-411.28 -174 721.68 1.1142 -5.5036 0 -1 0
-424 -174 0 1.1142 -5.5036 0 -1 0
-411.28 -174 0 1.1142 -5.5036 0 -1 0
-424 -174 0 1.1142 -5.5036 0 -1 0
-411.28 -174 721.68 1.1142 -5.5036 0 -1 0
-424 -174 744 1.1142 -5.5036 0 -1 0
-560 -202 164 1.1142 -5.5036 0 -1 0
-658.6 -202 156.62 1.1142 -5.5036 0 -1 0
-559.28 -202 156.62 1.1142 -5.5036 0 -1 0
-658.6 -202 156.62 1.1142 -5.5036 0 -1 0
-560 -202 164 1.1142 -5.5036 0 -1 0
-664 -202 164 1.1142 -5.5036 0 -1 0
154.16 -202 -976.8 1.1142 -5.5036 0 -1 0
164 -202 -880 1.1142 -5.5036 0 -1 0
154.16 -202 -879.04 1.1142 -5.5036 0 -1 0
164 -202 -880 1.1142 -5.5036 0 -1 0
154.16 -202 -976.8 1.1142 -5.5036 0 -1 0
164 -202 -984 1.1142 -5.5036 0 -1 0
560 -202 -164 1.1142 -5.5036 0 -1 0
657.4 -202 -154.98 1.1142 -5.5036 0 -1 0
559.12 -202 -154.98 1.1142 -5.5036 0 -1 0
657.4 -202 -154.98 1.1142 -5.5036 0 -1 0
560 -202 -164 1.1142 -5.5036 0 -1 0
664 -202 -164 1.1142 -5.5036 0 -1 0
-153.34 -202 976.2 1.1142 -5.5036 0 -1 0
-164 -202 880 1.1142 -5.5036 0 -1 0
-153.34 -202 878.96 1.1142 -5.5036 0 -1 0
-164 -202 880 1.1142 -5.5036 0 -1 0
-153.34 -202 976.2 1.1142 -5.5036 0 -1 0
-164 -202 984 1.1142 -5.5036 0 -1 0
76 -206 -944 1.9622 -2.5884 0 0 -1
-76 -210 -944 1.1142 -2.5672 0 0 -1
-76 -206 -944 1.1142 -2.5884 0 0 -1
-76 -210 -944 1.1142 -2.5672 0 0 -1
76 -206 -944 1.9622 -2.5884 0 0 -1
76 -210 -944 1.9622 -2.5672 0 0 -1
424 -174 -744 3.7644 -2.758 0 0 -1
-424 -174 -744 -0.688 -2.758 0 0 -1
-424 -170 -744 -0.688 -2.7792 0 0 -1
-424 -170 -744 -0.688 -2.7792 0 0 -1
424 -170 -744 3.7644 -2.7792 0 0 -1
424 -174 -744 3.7644 -2.758 0 0 -1
76 -182 -804 1.9622 -4.7616 0 1 0
-76 -182 -812 1.1142 -4.804 0 1 0
-76 -182 -804 1.1142 -4.7616 0 1 0
-76 -182 -812 1.1142 -4.804 0 1 0
76 -182 -804 1.9622 -4.7616 0 1 0
76 -182 -812 1.9622 -4.804 0 1 0
-76 -198 -744 2.2803 -2.6308 -1 0 0
-76 -170 -744 2.2803 -2.7792 -1 0 0
-76 -170 -788 2.5347 -2.7792 -1 0 0
-76 -178 -796 2.5771 -2.7368 -1 0 0
-76 -178 -804 2.6195 -2.7368 -1 0 0
-76 -182 -804 2.6195 -2.7156 -1 0 0
-76 -190 -820 2.7043 -2.6732 -1 0 0
-76 -190 -828 2.7467 -2.6732 -1 0 0
-76 -194 -828 2.7467 -2.652 -1 0 0
-76 -186 -812 2.6619 -2.6944 -1 0 0
-76 -186 -820 2.7043 -2.6944 -1 0 0
-76 -190 -820 2.7043 -2.6732 -1 0 0
-76 -194 -828 2.7467 -2.652 -1 0 0
-76 -194 -836 2.7891 -2.652 -1 0 0
-76 -198 -836 2.7891 -2.6308 -1 0 0
-76 -182 -804 2.6195 -2.7156 -1 0 0
-76 -182 -812 2.6619 -2.7156 -1 0 0
-76 -186 -812 2.6619 -2.6944 -1 0 0
-76 -174 -788 2.5347 -2.758 -1 0 0
-76 -174 -796 2.5771 -2.758 -1 0 0
-76 -178 -796 2.5771 -2.7368 -1 0 0
-76 -198 -744 2.2803 -2.6308 -1 0 0
-76 -170 -788 2.5347 -2.7792 -1 0 0
-76 -174 -788 2.5347 -2.758 -1 0 0
-76 -198 -744 2.2803 -2.6308 -1 0 0
-76 -174 -788 2.5347 -2.758 -1 0 0
-76 -178 -796 2.5771 -2.7368 -1 0 0
-76 -198 -744 2.2803 -2.6308 -1 0 0
-76 -178 -796 2.5771 -2.7368 -1 0 0
-76 -182 -804 2.6195 -2.7156 -1 0 0
-76 -198 -744 2.2803 -2.6308 -1 0 0
-76 -182 -804 2.6195 -2.7156 -1 0 0
-76 -186 -812 2.6619 -2.6944 -1 0 0
-76 -198 -744 2.2803 -2.6308 -1 0 0
-76 -186 -812 2.6619 -2.6944 -1 0 0
-76 -190 -820 2.7043 -2.6732 -1 0 0
-76 -198 -744 2.2803 -2.6308 -1 0 0
-76 -190 -820 2.7043 -2.6732 -1 0 0
-76 -194 -828 2.7467 -2.652 -1 0 0
-76 -194 -828 2.7467 -2.652 -1 0 0
-76 -198 -836 2.7891 -2.6308 -1 0 0
-76 -198 -744 2.2803 -2.6308 -1 0 0
-164 -198 -984 0.6901 -2.6308 0 0 -1
-76 -202 -984 1.1142 -2.6096 0 0 -1
-164 -202 -984 0.6901 -2.6096 0 0 -1
-76 -202 -984 1.1142 -2.6096 0 0 -1
-164 -198 -984 0.6901 -2.6308 0 0 -1
-76 -198 -984 1.1142 -2.6308 0 0 -1
-424 -170 -744 -0.688 -4.4223 0 1 0
424 -170 0 3.7644 -0.5 0 1 0
424 -170 -744 3.7644 -4.4223 0 1 0
424 -170 0 3.7644 -0.5 0 1 0
-424 -170 -744 -0.688 -4.4223 0 1 0
-424 -170 0 -0.688 -0.5 0 1 0
-76 -210 952 1.1142 4.546 0 1 0
76 -210 944 1.9622 4.5036 0 1 0
-76 -210 944 1.1142 4.5036 0 1 0
76 -210 944 1.9622 4.5036 0 1 0
-76 -210 952 1.1142 4.546 0 1 0
76 -210 952 1.9622 4.546 0 1 0
-76 -198 836 1.1142 -2.6308 0 0 1
76 -194 836 1.9622 -2.652 0 0 1
-76 -194 836 1.1142 -2.652 0 0 1
76 -194 836 1.9622 -2.652 0 0 1
-76 -198 836 1.1142 -2.6308 0 0 1
76 -198 836 1.9622 -2.6308 0 0 1
-76 -186 812 1.1142 -2.6944 0 0 1
76 -182 812 1.9622 -2.7156 0 0 1
-76 -182 812 1.1142 -2.7156 0 0 1
76 -182 812 1.9622 -2.7156 0 0 1
-76 -186 812 1.1142 -2.6944 0 0 1
76 -186 812 1.9622 -2.6944 0 0 1
164 -198 880 -6.3065 -2.6308 1 0 0
164 -202 744 -5.5644 -2.6096 1 0 0
164 -198 744 -5.5644 -2.6308 1 0 0
164 -202 744 -5.5644 -2.6096 1 0 0
164 -198 880 -6.3065 -2.6308 1 0 0
164 -202 880 -6.3065 -2.6096 1 0 0
-76 -198 984 1.1142 4.6944 0 1 0
-164 -198 880 0.6901 4.1644 0 1 0
-164 -198 984 0.6901 4.6944 0 1 0
-164 -198 880 0.6901 4.1644 0 1 0
-76 -198 984 1.1142 4.6944 0 1 0
-76 -198 880 1.1142 4.1644 0 1 0
656 -222 76 -2.0661 -2.5036 1 0 0
656 -226 -76 -1.218 -2.4824 1 0 0
656 -222 -76 -1.218 -2.5036 1 0 0
656 -226 -76 -1.218 -2.4824 1 0 0
656 -222 76 -2.0661 -2.5036 1 0 0
656 -226 76 -2.0661 -2.4824 1 0 0
632 -210 76 -2.0661 -2.5672 1 0 0
632 -214 -76 -1.218 -2.546 1 0 0
632 -210 -76 -1.218 -2.5672 1 0 0
632 -214 -76 -1.218 -2.546 1 0 0
632 -210 76 -2.0661 -2.5672 1 0 0
632 -214 76 -2.0661 -2.546 1 0 0
468 -170 76 -2.0661 -2.7792 1 0 0
468 -174 -76 -1.218 -2.758 1 0 0
468 -170 -76 -1.218 -2.7792 1 0 0
468 -174 -76 -1.218 -2.758 1 0 0
468 -170 76 -2.0661 -2.7792 1 0 0
468 -174 76 -2.0661 -2.758 1 0 0
500 -186 76 -2.0661 -2.6944 1 0 0
500 -190 -76 -1.218 -2.6732 1 0 0
500 -186 -76 -1.218 -2.6944 1 0 0
500 -190 -76 -1.218 -2.6732 1 0 0
500 -186 76 -2.0661 -2.6944 1 0 0
500 -190 76 -2.0661 -2.6732 1 0 0
664 -202 -164 5.0365 -2.6096 0 0 -1
560 -198 -164 4.5065 -2.6308 0 0 -1
664 -198 -164 5.0365 -2.6308 0 0 -1
560 -198 -164 4.5065 -2.6308 0 0 -1
664 -202 -164 5.0365 -2.6096 0 0 -1
560 -202 -164 4.5065 -2.6096 0 0 -1
424 -198 -164 3.7644 -1.3481 0 1 0
560 -198 -76 4.5065 -0.924 0 1 0
560 -198 -164 4.5065 -1.3481 0 1 0
560 -198 -76 4.5065 -0.924 0 1 0
424 -198 -164 3.7644 -1.3481 0 1 0
424 -198 -76 3.7644 -0.924 0 1 0
-624 -206 -76 -1.7693 -0.924 0 1 0
-616 -206 76 -1.7269 -0.076 0 1 0
-616 -206 -76 -1.7269 -0.924 0 1 0
-616 -206 76 -1.7269 -0.076 0 1 0
-624 -206 -76 -1.7693 -0.924 0 1 0
-624 -206 76 -1.7693 -0.076 0 1 0
-656 -222 -76 -1.9389 -0.924 0 1 0
-648 -222 76 -1.8965 -0.076 0 1 0
-648 -222 -76 -1.8965 -0.924 0 1 0
-648 -222 76 -1.8965 -0.076 0 1 0
-656 -222 -76 -1.9389 -0.924 0 1 0
-656 -222 76 -1.9389 -0.076 0 1 0
-492 -182 -76 -1.0696 -0.924 0 1 0
-484 -182 76 -1.0272 -0.076 0 1 0
-484 -182 -76 -1.0272 -0.924 0 1 0
-484 -182 76 -1.0272 -0.076 0 1 0
-492 -182 -76 -1.0696 -0.924 0 1 0
-492 -182 76 -1.0696 -0.076 0 1 0
-468 -170 -76 -0.9424 -2.7792 0 0 -1
-424 -170 -76 -0.688 -2.7792 0 0 -1
-424 -198 -76 -0.688 -2.6308 0 0 -1
-484 -182 -76 -1.0272 -2.7156 0 0 -1
-484 -178 -76 -1.0272 -2.7368 0 0 -1
-476 -178 -76 -0.9848 -2.7368 0 0 -1
-476 -178 -76 -0.9848 -2.7368 0 0 -1
-476 -174 -76 -0.9848 -2.758 0 0 -1
-468 -174 -76 -0.9424 -2.758 0 0 -1
-492 -186 -76 -1.0696 -2.6944 0 0 -1
-492 -182 -76 -1.0696 -2.7156 0 0 -1
-484 -182 -76 -1.0272 -2.7156 0 0 -1
-500 -190 -76 -1.112 -2.6732 0 0 -1
-500 -186 -76 -1.112 -2.6944 0 0 -1
-492 -186 -76 -1.0696 -2.6944 0 0 -1
-508 -194 -76 -1.1544 -2.652 0 0 -1
-508 -190 -76 -1.1544 -2.6732 0 0 -1
-500 -190 -76 -1.112 -2.6732 0 0 -1
-516 -198 -76 -1.1968 -2.6308 0 0 -1
-516 -194 -76 -1.1968 -2.652 0 0 -1
-508 -194 -76 -1.1544 -2.652 0 0 -1
-468 -174 -76 -0.9424 -2.758 0 0 -1
-468 -170 -76 -0.9424 -2.7792 0 0 -1
-424 -198 -76 -0.688 -2.6308 0 0 -1
-476 -178 -76 -0.9848 -2.7368 0 0 -1
-468 -174 -76 -0.9424 -2.758 0 0 -1
-424 -198 -76 -0.688 -2.6308 0 0 -1
-484 -182 -76 -1.0272 -2.7156 0 0 -1
-476 -178 -76 -0.9848 -2.7368 0 0 -1
-424 -198 -76 -0.688 -2.6308 0 0 -1
-492 -186 -76 -1.0696 -2.6944 0 0 -1
-484 -182 -76 -1.0272 -2.7156 0 0 -1
-424 -198 -76 -0.688 -2.6308 0 0 -1
-500 -190 -76 -1.112 -2.6732 0 0 -1
-492 -186 -76 -1.0696 -2.6944 0 0 -1
-424 -198 -76 -0.688 -2.6308 0 0 -1
-508 -194 -76 -1.1544 -2.652 0 0 -1
-500 -190 -76 -1.112 -2.6732 0 0 -1
-424 -198 -76 -0.688 -2.6308 0 0 -1
-516 -198 -76 -1.1968 -2.6308 0 0 -1
-508 -194 -76 -1.1544 -2.652 0 0 -1
-424 -198 -76 -0.688 -2.6308 0 0 -1
-664 -202 -76 -1.218 -2.6096 -1 0 0
-664 -198 -164 -0.794 -2.6308 -1 0 0
-664 -202 -164 -0.794 -2.6096 -1 0 0
-664 -198 -164 -0.794 -2.6308 -1 0 0
-664 -202 -76 -1.218 -2.6096 -1 0 0
-664 -198 -76 -1.218 -2.6308 -1 0 0
424 -174 0 1.1142 -5.5036 0 -1 0
411.28 -174 721.68 1.1142 -5.5036 0 -1 0
411.28 -174 0 1.1142 -5.5036 0 -1 0
411.28 -174 721.68 1.1142 -5.5036 0 -1 0
424 -174 0 1.1142 -5.5036 0 -1 0
424 -174 744 1.1142 -5.5036 0 -1 0
-664 -202 -76 1.1142 -5.5036 0.0395 -0.9992 0.0026
-658.6 -202 -156.62 1.1142 -5.5036 0.0395 -0.9992 0.0026
-658.6 -201.8 -81.18 1.1142 -5.5036 0.0395 -0.9992 0.0026
-658.6 -202 -156.62 1.1142 -5.5036 0 -1 0
-664 -202 -76 1.1142 -5.5036 0 -1 0
-664 -202 -164 1.1142 -5.5036 0 -1 0
-76 -202 -880 1.1142 -5.5036 0 -1 0
-82.04 -202 -976.8 1.1142 -5.5036 0 -1 0
-76 -202 -984 1.1142 -5.5036 0 -1 0
-82.04 -202 -976.8 1.1142 -5.5036 0 -1 0
-76 -202 -880 1.1142 -5.5036 0 -1 0
-81.44 -202 -879.04 1.1142 -5.5036 0 -1 0
560 -202 -76 1.1142 -5.5036 0 -1 0
657.4 -202 -82.22 1.1142 -5.5036 0 -1 0
664 -202 -76 1.1142 -5.5036 0 -1 0
657.4 -202 -82.22 1.1142 -5.5036 0 -1 0
560 -202 -76 1.1142 -5.5036 0 -1 0
559.12 -202 -81.8199 1.1142 -5.5036 0 -1 0
81.06 -202 976.2 1.1142 -5.5036 0 -1 0
76 -202 880 1.1142 -5.5036 0 -1 0
81.06 -202 878.96 1.1142 -5.5036 0 -1 0
76 -202 880 1.1142 -5.5036 0 -1 0
81.06 -202 976.2 1.1142 -5.5036 0 -1 0
76 -202 984 1.1142 -5.5036 0 -1 0
76 -206 -936 1.9622 -5.4612 0 1 0
-76 -206 -944 1.1142 -5.5036 0 1 0
-76 -206 -936 1.1142 -5.4612 0 1 0
-76 -206 -944 1.1142 -5.5036 0 1 0
76 -206 -936 1.9622 -5.4612 0 1 0
76 -206 -944 1.9622 -5.5036 0 1 0
76 -222 -968 1.9622 -5.6308 0 1 0
-76 -222 -976 1.1142 -5.6732 0 1 0
-76 -222 -968 1.1142 -5.6308 0 1 0
-76 -222 -976 1.1142 -5.6732 0 1 0
76 -222 -968 1.9622 -5.6308 0 1 0
76 -222 -976 1.9622 -5.6732 0 1 0
76 -178 -804 1.9622 -2.7368 0 0 -1
-76 -182 -804 1.1142 -2.7156 0 0 -1
-76 -178 -804 1.1142 -2.7368 0 0 -1
-76 -182 -804 1.1142 -2.7156 0 0 -1
76 -178 -804 1.9622 -2.7368 0 0 -1
76 -182 -804 1.9622 -2.7156 0 0 -1
76 -170 -788 2.5347 -2.7792 1 0 0
76 -170 -744 2.2803 -2.7792 1 0 0
76 -198 -744 2.2803 -2.6308 1 0 0
76 -182 -804 2.6195 -2.7156 1 0 0
76 -178 -804 2.6195 -2.7368 1 0 0
76 -178 -796 2.5771 -2.7368 1 0 0
76 -190 -820 2.7043 -2.6732 1 0 0
76 -186 -820 2.7043 -2.6944 1 0 0
76 -186 -812 2.6619 -2.6944 1 0 0
76 -194 -828 2.7467 -2.652 1 0 0
76 -190 -828 2.7467 -2.6732 1 0 0
76 -190 -820 2.7043 -2.6732 1 0 0
76 -178 -796 2.5771 -2.7368 1 0 0
76 -174 -796 2.5771 -2.758 1 0 0
76 -174 -788 2.5347 -2.758 1 0 0
76 -186 -812 2.6619 -2.6944 1 0 0
76 -182 -812 2.6619 -2.7156 1 0 0
76 -182 -804 2.6195 -2.7156 1 0 0
76 -198 -836 2.7891 -2.6308 1 0 0
76 -194 -836 2.7891 -2.652 1 0 0
76 -194 -828 2.7467 -2.652 1 0 0
76 -174 -788 2.5347 -2.758 1 0 0
76 -170 -788 2.5347 -2.7792 1 0 0
76 -198 -744 2.2803 -2.6308 1 0 0
76 -178 -796 2.5771 -2.7368 1 0 0
76 -174 -788 2.5347 -2.758 1 0 0
76 -198 -744 2.2803 -2.6308 1 0 0
76 -182 -804 2.6195 -2.7156 1 0 0
76 -178 -796 2.5771 -2.7368 1 0 0
76 -198 -744 2.2803 -2.6308 1 0 0
76 -186 -812 2.6619 -2.6944 1 0 0
76 -182 -804 2.6195 -2.7156 1 0 0
76 -198 -744 2.2803 -2.6308 1 0 0
76 -190 -820 2.7043 -2.6732 1 0 0
76 -186 -812 2.6619 -2.6944 1 0 0
76 -198 -744 2.2803 -2.6308 1 0 0
76 -194 -828 2.7467 -2.652 1 0 0
76 -190 -820 2.7043 -2.6732 1 0 0
76 -198 -744 2.2803 -2.6308 1 0 0
76 -198 -744 2.2803 -2.6308 1 0 0
76 -198 -836 2.7891 -2.6308 1 0 0
76 -194 -828 2.7467 -2.652 1 0 0
76 -198 -880 1.9622 -5.1644 0 1 0
164 -198 -744 2.3863 -4.4223 0 1 0
164 -198 -880 2.3863 -5.1644 0 1 0
164 -198 -744 2.3863 -4.4223 0 1 0
76 -198 -880 1.9622 -5.1644 0 1 0
76 -198 -744 1.9622 -4.4223 0 1 0
-424 -170 0 -1.6421 -2.7792 -1 0 0
-424 -170 -744 2.2803 -2.7792 -1 0 0
-424 -174 -744 2.2803 -2.758 -1 0 0
-424 -174 -744 2.2803 -2.758 -1 0 0
-424 -174 0 -1.6421 -2.758 -1 0 0
-424 -170 0 -1.6421 -2.7792 -1 0 0
-76 -210 944 1.1142 -2.5672 0 0 1
76 -206 944 1.9622 -2.5884 0 0 1
-76 -206 944 1.1142 -2.5884 0 0 1
76 -206 944 1.9622 -2.5884 0 0 1
-76 -210 944 1.1142 -2.5672 0 0 1
76 -210 944 1.9622 -2.5672 0 0 1
-424 -170 744 -0.688 -2.7792 0 0 1
-424 -174 744 -0.688 -2.758 0 0 1
424 -174 744 3.7644 -2.758 0 0 1
424 -174 744 3.7644 -2.758 0 0 1
424 -170 744 3.7644 -2.7792 0 0 1
-424 -170 744 -0.688 -2.7792 0 0 1
-76 -182 812 1.1142 3.804 0 1 0
76 -182 804 1.9622 3.7616 0 1 0
-76 -182 804 1.1142 3.7616 0 1 0
76 -182 804 1.9622 3.7616 0 1 0
-76 -182 812 1.1142 3.804 0 1 0
76 -182 812 1.9622 3.804 0 1 0
-76 -170 788 -5.8188 -2.7792 -1 0 0
-76 -170 744 -5.5644 -2.7792 -1 0 0
-76 -198 744 -5.5644 -2.6308 -1 0 0
-76 -182 804 -5.9036 -2.7156 -1 0 0
-76 -178 804 -5.9036 -2.7368 -1 0 0
-76 -178 796 -5.8612 -2.7368 -1 0 0
-76 -178 796 -5.8612 -2.7368 -1 0 0
-76 -174 796 -5.8612 -2.758 -1 0 0
-76 -174 788 -5.8188 -2.758 -1 0 0
-76 -186 812 -5.946 -2.6944 -1 0 0
-76 -182 812 -5.946 -2.7156 -1 0 0
-76 -182 804 -5.9036 -2.7156 -1 0 0
-76 -190 820 -5.9884 -2.6732 -1 0 0
-76 -186 820 -5.9884 -2.6944 -1 0 0
-76 -186 812 -5.946 -2.6944 -1 0 0
-76 -194 828 -6.0308 -2.652 -1 0 0
-76 -190 828 -6.0308 -2.6732 -1 0 0
-76 -190 820 -5.9884 -2.6732 -1 0 0
-76 -198 836 -6.0732 -2.6308 -1 0 0
-76 -194 836 -6.0732 -2.652 -1 0 0
-76 -194 828 -6.0308 -2.652 -1 0 0
-76 -174 788 -5.8188 -2.758 -1 0 0
-76 -170 788 -5.8188 -2.7792 -1 0 0
-76 -198 744 -5.5644 -2.6308 -1 0 0
-76 -178 796 -5.8612 -2.7368 -1 0 0
-76 -174 788 -5.8188 -2.758 -1 0 0
-76 -198 744 -5.5644 -2.6308 -1 0 0
-76 -182 804 -5.9036 -2.7156 -1 0 0
-76 -178 796 -5.8612 -2.7368 -1 0 0
-76 -198 744 -5.5644 -2.6308 -1 0 0
-76 -186 812 -5.946 -2.6944 -1 0 0
-76 -182 804 -5.9036 -2.7156 -1 0 0
-76 -198 744 -5.5644 -2.6308 -1 0 0
-76 -190 820 -5.9884 -2.6732 -1 0 0
-76 -186 812 -5.946 -2.6944 -1 0 0
-76 -198 744 -5.5644 -2.6308 -1 0 0
-76 -194 828 -6.0308 -2.652 -1 0 0
-76 -190 820 -5.9884 -2.6732 -1 0 0
-76 -198 744 -5.5644 -2.6308 -1 0 0
-76 -198 836 -6.0732 -2.6308 -1 0 0
-76 -194 828 -6.0308 -2.652 -1 0 0
-76 -198 744 -5.5644 -2.6308 -1 0 0
-76 -202 984 1.1142 -2.6096 0 0 1
-164 -198 984 0.6901 -2.6308 0 0 1
-164 -202 984 0.6901 -2.6096 0 0 1
-164 -198 984 0.6901 -2.6308 0 0 1
-76 -202 984 1.1142 -2.6096 0 0 1
-76 -198 984 1.1142 -2.6308 0 0 1
424 -170 0 3.7644 -0.5 0 1 0
-424 -170 744 -0.688 3.4223 0 1 0
424 -170 744 3.7644 3.4223 0 1 0
-424 -170 744 -0.688 3.4223 0 1 0
424 -170 0 3.7644 -0.5 0 1 0
-424 -170 0 -0.688 -0.5 0 1 0
624 -210 76 4.8457 -0.076 0 1 0
632 -210 -76 4.8881 -0.924 0 1 0
624 -210 -76 4.8457 -0.924 0 1 0
632 -210 -76 4.8881 -0.924 0 1 0
624 -210 76 4.8457 -0.076 0 1 0
632 -210 76 4.8881 -0.076 0 1 0
424 -170 76 3.7644 -0.076 0 1 0
468 -170 -76 4.0188 -0.924 0 1 0
424 -170 -76 3.7644 -0.924 0 1 0
468 -170 -76 4.0188 -0.924 0 1 0
424 -170 76 3.7644 -0.076 0 1 0
468 -170 76 4.0188 -0.076 0 1 0
492 -186 76 4.146 -0.076 0 1 0
500 -186 -76 4.1884 -0.924 0 1 0
492 -186 -76 4.146 -0.924 0 1 0
500 -186 -76 4.1884 -0.924 0 1 0
492 -186 76 4.146 -0.076 0 1 0
500 -186 76 4.1884 -0.076 0 1 0
664 -198 164 5.0365 -2.6308 0 0 1
560 -202 164 4.5065 -2.6096 0 0 1
664 -202 164 5.0365 -2.6096 0 0 1
560 -202 164 4.5065 -2.6096 0 0 1
664 -198 164 5.0365 -2.6308 0 0 1
560 -198 164 4.5065 -2.6308 0 0 1
560 -198 76 4.5065 -0.076 0 1 0
424 -198 -76 3.7644 -0.924 0 1 0
424 -198 76 3.7644 -0.076 0 1 0
424 -198 -76 3.7644 -0.924 0 1 0
560 -198 76 4.5065 -0.076 0 1 0
560 -198 -76 4.5065 -0.924 0 1 0
-616 -206 -76 -1.218 -2.5884 -1 0 0
-616 -202 76 -2.0661 -2.6096 -1 0 0
-616 -202 -76 -1.218 -2.6096 -1 0 0
-616 -202 76 -2.0661 -2.6096 -1 0 0
-616 -206 -76 -1.218 -2.5884 -1 0 0
-616 -206 76 -2.0661 -2.5884 -1 0 0
-648 -222 -76 -1.218 -2.5036 -1 0 0
-648 -218 76 -2.0661 -2.5248 -1 0 0
-648 -218 -76 -1.218 -2.5248 -1 0 0
-648 -218 76 -2.0661 -2.5248 -1 0 0
-648 -222 -76 -1.218 -2.5036 -1 0 0
-648 -222 76 -2.0661 -2.5036 -1 0 0
-484 -182 -76 -1.218 -2.7156 -1 0 0
-484 -178 76 -2.0661 -2.7368 -1 0 0
-484 -178 -76 -1.218 -2.7368 -1 0 0
-484 -178 76 -2.0661 -2.7368 -1 0 0
-484 -182 -76 -1.218 -2.7156 -1 0 0
-484 -182 76 -2.0661 -2.7156 -1 0 0
-424 -198 76 -0.688 -2.6308 0 0 1
-424 -170 76 -0.688 -2.7792 0 0 1
-468 -170 76 -0.9424 -2.7792 0 0 1
-476 -178 76 -0.9848 -2.7368 0 0 1
-484 -178 76 -1.0272 -2.7368 0 0 1
-484 -182 76 -1.0272 -2.7156 0 0 1
-508 -194 76 -1.1544 -2.652 0 0 1
-516 -194 76 -1.1968 -2.652 0 0 1
-516 -198 76 -1.1968 -2.6308 0 0 1
-500 -190 76 -1.112 -2.6732 0 0 1
-508 -190 76 -1.1544 -2.6732 0 0 1
-508 -194 76 -1.1544 -2.652 0 0 1
-492 -186 76 -1.0696 -2.6944 0 0 1
-500 -186 76 -1.112 -2.6944 0 0 1
-500 -190 76 -1.112 -2.6732 0 0 1
-484 -182 76 -1.0272 -2.7156 0 0 1
-492 -182 76 -1.0696 -2.7156 0 0 1
-492 -186 76 -1.0696 -2.6944 0 0 1
-468 -174 76 -0.9424 -2.758 0 0 1
-476 -174 76 -0.9848 -2.758 0 0 1
-476 -178 76 -0.9848 -2.7368 0 0 1
-424 -198 76 -0.688 -2.6308 0 0 1
-468 -170 76 -0.9424 -2.7792 0 0 1
-468 -174 76 -0.9424 -2.758 0 0 1
-424 -198 76 -0.688 -2.6308 0 0 1
-468 -174 76 -0.9424 -2.758 0 0 1
-476 -178 76 -0.9848 -2.7368 0 0 1
-424 -198 76 -0.688 -2.6308 0 0 1
-476 -178 76 -0.9848 -2.7368 0 0 1
-484 -182 76 -1.0272 -2.7156 0 0 1
-424 -198 76 -0.688 -2.6308 0 0 1
-484 -182 76 -1.0272 -2.7156 0 0 1
-492 -186 76 -1.0696 -2.6944 0 0 1
-424 -198 76 -0.688 -2.6308 0 0 1
-492 -186 76 -1.0696 -2.6944 0 0 1
-500 -190 76 -1.112 -2.6732 0 0 1
-424 -198 76 -0.688 -2.6308 0 0 1
-500 -190 76 -1.112 -2.6732 0 0 1
-508 -194 76 -1.1544 -2.652 0 0 1
-508 -194 76 -1.1544 -2.652 0 0 1
-516 -198 76 -1.1968 -2.6308 0 0 1
-424 -198 76 -0.688 -2.6308 0 0 1
-424 -198 164 -0.688 0.3481 0 1 0
-560 -198 76 -1.43 -0.076 0 1 0
-560 -198 164 -1.43 0.3481 0 1 0
-560 -198 76 -1.43 -0.076 0 1 0
-424 -198 164 -0.688 0.3481 0 1 0
-424 -198 76 -0.688 -0.076 0 1 0
-424 -174 744 1.1142 -5.5036 0 -1 0
411.28 -174 721.68 1.1142 -5.5036 0 -1 0
424 -174 744 1.1142 -5.5036 0 -1 0
411.28 -174 721.68 1.1142 -5.5036 0 -1 0
-424 -174 744 1.1142 -5.5036 0 -1 0
-411.28 -174 721.68 1.1142 -5.5036 0 -1 0
-429.4 -202 156.62 1.1142 -5.5036 0 -1 0
-560 -202 164 1.1142 -5.5036 0 -1 0
-559.28 -202 156.62 1.1142 -5.5036 0 -1 0
-560 -202 164 1.1142 -5.5036 0 -1 0
-429.4 -202 156.62 1.1142 -5.5036 0 -1 0
-424 -202 164 1.1142 -5.5036 0 -1 0
164 -202 -880 1.1142 -5.5036 0 -1 0
154.16 -202 -751.2 1.1142 -5.5036 0 -1 0
154.16 -202 -879.04 1.1142 -5.5036 0 -1 0
154.16 -202 -751.2 1.1142 -5.5036 0 -1 0
164 -202 -880 1.1142 -5.5036 0 -1 0
164 -202 -744 1.1142 -5.5036 0 -1 0
430.6 -202 -154.98 1.1142 -5.5036 0 -1 0
560 -202 -164 1.1142 -5.5036 0 -1 0
559.12 -202 -154.98 1.1142 -5.5036 0 -1 0
560 -202 -164 1.1142 -5.5036 0 -1 0
430.6 -202 -154.98 1.1142 -5.5036 0 -1 0
424 -202 -164 1.1142 -5.5036 0 -1 0
-164 -202 880 1.1142 -5.5036 0 -1 0
-153.34 -202 751.8 1.1142 -5.5036 0 -1 0
-153.34 -202 878.96 1.1142 -5.5036 0 -1 0
-153.34 -202 751.8 1.1142 -5.5036 0 -1 0
-164 -202 880 1.1142 -5.5036 0 -1 0
-164 -202 744 1.1142 -5.5036 0 -1 0
