Vertex Count: 21

Data:

5259.13 -230 5259.13 0 0 0 -1 0
-5259.13 -230 5259.13 1 0 0 -1 0
-5259.13 -230 -5259.13 1 1 0 -1 0
-5259.13 -220.636 5259.13 0 0 0 1 0
5259.13 -220.636 -5259.13 1 1 0 1 0
-5259.13 -220.636 -5259.13 0 1 0 1 0
5259.13 -220.636 -5259.13 1 0 0 0 -1
5259.13 -230 -5259.13 1 1 0 0 -1
-5259.13 -230 -5259.13 0 1 0 0 -1
5259.13 -220.636 5259.13 1 0 1 0 0
5259.13 -230 5259.13 1 1 1 0 0
5259.13 -230 -5259.13 0 1 1 0 0
-5259.13 -220.636 5259.13 1 0 0 0 1
-5259.13 -230 5259.13 1 1 0 0 1
5259.13 -230 5259.13 0 1 0 0 1
-5259.13 -220.636 -5259.13 1 0 -1 0 0
-5259.13 -230 -5259.13 1 1 -1 0 0
-5259.13 -230 5259.13 0 1 -1 0 0
-5259.13 -220.636 5259.13 0 0 0 1 0
5259.13 -220.636 5259.13 1 0 0 1 0
5259.13 -220.636 -5259.13 1 1 0 1 0
