Vertex Count: 1464

Data:

-55.443 194.995 55.4402 -0.654 -1.1777 -0.0025 0.7988 0.6016
-348.269 207.933 37.0643 -6.8405 -1.4525 -0.0025 0.7988 0.6016
-345.277 194.807 54.5073 -6.7774 -1.1777 -0.0025 0.7988 0.6016
-348.269 207.933 37.0643 -6.8405 -1.4525 -0.0025 0.7983 0.6022
-55.443 194.995 55.4402 -0.654 -1.1777 -0.0025 0.7983 0.6022
-38.1514 208.092 38.149 -0.2913 -1.4525 -0.0025 0.7983 0.6022
-120.479 125.691 120.475 -2.019 0.2771 -0.003 0.6192 0.7852
-333.979 145.301 104.201 -6.5392 -0.1399 -0.003 0.6192 0.7852
-329.439 125.429 119.889 -6.4435 0.2771 -0.003 0.6192 0.7852
-333.979 145.301 104.201 -6.5392 -0.1399 -0.0029 0.6198 0.7847
-120.479 125.691 120.475 -2.019 0.2771 -0.0029 0.6198 0.7847
-104.849 145.551 104.846 -1.6909 -0.1399 -0.0029 0.6198 0.7847
-178.739 29.3817 178.732 -3.243 2.3007 -0.0039 0.4638 0.8859
-313.497 55.7184 164.345 -6.1074 1.7415 -0.0039 0.4638 0.8859
-307.41 29.1168 178.298 -5.9791 2.3007 -0.0039 0.4638 0.8859
-313.497 55.7184 164.345 -6.1074 1.7415 -0.0036 0.4651 0.8852
-178.739 29.3817 178.732 -3.243 2.3007 -0.0036 0.4651 0.8852
-164.816 55.9883 164.81 -2.9504 1.7415 -0.0036 0.4651 0.8852
-345.277 194.807 -54.5067 -6.7774 -1.1777 -0.0026 0.7537 -0.6572
-72.3277 180.204 -72.3245 -1.0083 -0.8673 -0.0026 0.7537 -0.6572
-341.898 179.991 -71.5099 -6.7062 -0.8673 -0.0026 0.7537 -0.6572
-72.3277 180.204 -72.3245 -1.0083 -0.8673 -0.0026 0.7535 -0.6574
-345.277 194.807 -54.5067 -6.7774 -1.1777 -0.0026 0.7535 -0.6574
-55.4431 194.995 -55.4402 -0.654 -1.1777 -0.0026 0.7535 -0.6574
-329.439 125.429 -119.889 -6.4435 0.2771 -0.0031 0.5772 -0.8166
-135.684 104.143 -135.679 -2.3383 0.7297 -0.0031 0.5772 -0.8166
-324.512 103.875 -135.142 -6.3397 0.7297 -0.0031 0.5772 -0.8166
-135.684 104.143 -135.679 -2.3383 0.7297 -0.003 0.578 -0.8161
-329.439 125.429 -119.889 -6.4435 0.2771 -0.003 0.578 -0.8161
-120.479 125.691 -120.474 -2.019 0.2771 -0.003 0.578 -0.8161
-192.179 1.1155 -192.169 -3.5258 2.8955 -0.0039 0.4308 -0.9024
-307.41 29.1168 -178.297 -5.9791 2.3007 -0.0039 0.4308 -0.9024
-178.74 29.3817 -178.732 -3.243 2.3007 -0.0039 0.4308 -0.9024
-307.41 29.1168 -178.297 -5.9791 2.3007 -0.004 0.4305 -0.9026
-192.179 1.1155 -192.169 -3.5258 2.8955 -0.004 0.4305 -0.9026
-300.935 0.8595 -191.805 -5.8426 2.8955 -0.004 0.4305 -0.9026
72.3279 180.204 -72.3245 2.0083 -0.8673 0.0026 0.7537 -0.6572
345.277 194.807 -54.507 7.7774 -1.1777 0.0026 0.7537 -0.6572
341.898 179.991 -71.5104 7.7062 -0.8673 0.0026 0.7537 -0.6572
345.277 194.807 -54.507 7.7774 -1.1777 0.0026 0.7535 -0.6574
72.3279 180.204 -72.3245 2.0083 -0.8673 0.0026 0.7535 -0.6574
55.4433 194.995 -55.4402 1.654 -1.1777 0.0026 0.7535 -0.6574
135.684 104.143 -135.679 3.3384 0.7297 0.0031 0.5772 -0.8166
329.439 125.429 -119.889 7.4435 0.2771 0.0031 0.5772 -0.8166
324.512 103.875 -135.142 7.3397 0.7297 0.0031 0.5772 -0.8166
329.439 125.429 -119.889 7.4435 0.2771 0.003 0.578 -0.8161
135.684 104.143 -135.679 3.3384 0.7297 0.003 0.578 -0.8161
120.479 125.691 -120.475 3.019 0.2771 0.003 0.578 -0.8161
307.41 29.1168 -178.297 6.9791 2.3007 0.0039 0.4308 -0.9024
192.179 1.1155 -192.169 4.5258 2.8955 0.0039 0.4308 -0.9024
178.74 29.3817 -178.732 4.243 2.3007 0.0039 0.4308 -0.9024
192.179 1.1155 -192.169 4.5258 2.8955 0.004 0.4305 -0.9026
307.41 29.1168 -178.297 6.9791 2.3007 0.004 0.4305 -0.9026
300.934 0.8595 -191.806 6.8426 2.8955 0.004 0.4305 -0.9026
345.277 194.807 54.5069 7.7774 -1.1777 0.0026 0.7537 0.6572
72.3279 180.204 72.3245 2.0083 -0.8673 0.0026 0.7537 0.6572
341.898 179.991 71.5103 7.7062 -0.8673 0.0026 0.7537 0.6572
72.3279 180.204 72.3245 2.0083 -0.8673 0.0026 0.7535 0.6574
345.277 194.807 54.5069 7.7774 -1.1777 0.0026 0.7535 0.6574
55.4434 194.995 55.4402 1.654 -1.1777 0.0026 0.7535 0.6574
329.439 125.429 119.889 7.4435 0.2771 0.0031 0.5772 0.8166
135.684 104.143 135.679 3.3384 0.7297 0.0031 0.5772 0.8166
324.512 103.875 135.142 7.3397 0.7297 0.0031 0.5772 0.8166
135.684 104.143 135.679 3.3384 0.7297 0.003 0.578 0.8161
329.439 125.429 119.889 7.4435 0.2771 0.003 0.578 0.8161
120.479 125.691 120.474 3.019 0.2771 0.003 0.578 0.8161
192.179 1.1155 192.169 4.5258 2.8955 0.0039 0.4308 0.9024
307.41 29.1168 178.297 6.9791 2.3007 0.0039 0.4308 0.9024
178.74 29.3817 178.732 4.243 2.3007 0.0039 0.4308 0.9024
307.41 29.1168 178.297 6.9791 2.3007 0.004 0.4305 0.9026
192.179 1.1155 192.169 4.5258 2.8955 0.004 0.4305 0.9026
300.934 0.8595 191.806 6.8426 2.8955 0.004 0.4305 0.9026
-37.0633 207.934 672.266 14.5745 -1.4394 -0.6014 0.7989 0.0012
-55.443 194.995 55.4402 1.6463 -1.1664 -0.6014 0.7989 0.0012
-54.5063 194.807 669.273 14.5119 -1.1664 -0.6014 0.7989 0.0012
-55.443 194.995 55.4402 1.6463 -1.1664 -0.603 0.7977 0.0012
-37.0633 207.934 672.266 14.5745 -1.4394 -0.603 0.7977 0.0012
-38.1514 208.092 38.149 1.286 -1.4394 -0.603 0.7977 0.0012
-104.2 145.301 657.974 14.2753 -0.1356 -0.785 0.6195 0.0012
-120.479 125.691 120.475 3.0021 0.2786 -0.785 0.6195 0.0012
-119.888 125.43 653.433 14.1802 0.2786 -0.785 0.6195 0.0012
-120.479 125.691 120.475 3.0021 0.2786 -0.7854 0.619 0.0012
-104.2 145.301 657.974 14.2753 -0.1356 -0.7854 0.619 0.0012
-104.849 145.551 104.846 2.6762 -0.1356 -0.7854 0.619 0.0012
-164.344 55.7196 637.488 13.8464 1.7332 -0.8857 0.4643 0.0011
-178.739 29.3817 178.732 4.2179 2.2886 -0.8857 0.4643 0.0011
-178.296 29.1184 631.399 13.7189 2.2886 -0.8857 0.4643 0.0011
-178.739 29.3817 178.732 4.2179 2.2886 -0.8858 0.4641 0.0011
-164.344 55.7196 637.488 13.8464 1.7332 -0.8858 0.4641 0.0011
-164.816 55.9883 164.81 3.9273 1.7332 -0.8858 0.4641 0.0011
-72.3277 180.204 -72.3245 -0.9982 -0.8582 -0.6571 0.7538 -0.0012
-54.5067 194.807 -669.273 -13.5119 -1.1664 -0.6571 0.7538 -0.0012
-71.51 179.991 -665.894 -13.4411 -0.8582 -0.6571 0.7538 -0.0012
-54.5067 194.807 -669.273 -13.5119 -1.1664 -0.6582 0.7528 -0.0012
-72.3277 180.204 -72.3245 -0.9982 -0.8582 -0.6582 0.7528 -0.0012
-55.4431 194.995 -55.4402 -0.6463 -1.1664 -0.6582 0.7528 -0.0012
-135.684 104.143 -135.679 -2.3193 0.7281 -0.8164 0.5775 -0.0012
-119.889 125.43 -653.433 -13.1802 0.2786 -0.8164 0.5775 -0.0012
-135.141 103.876 -648.505 -13.0771 0.7281 -0.8164 0.5775 -0.0012
-119.889 125.43 -653.433 -13.1802 0.2786 -0.8167 0.5771 -0.0012
-135.684 104.143 -135.679 -2.3193 0.7281 -0.8167 0.5771 -0.0012
-120.479 125.691 -120.474 -2.0021 0.2786 -0.8167 0.5771 -0.0012
-192.179 1.1155 -192.169 -3.4988 2.8794 -0.9023 0.4311 -0.001
-178.297 29.1184 -631.399 -12.7189 2.2886 -0.9023 0.4311 -0.001
-191.805 0.8618 -624.922 -12.5833 2.8794 -0.9023 0.4311 -0.001
-178.297 29.1184 -631.399 -12.7189 2.2886 -0.9029 0.4298 -0.0011
-192.179 1.1155 -192.169 -3.4988 2.8794 -0.9029 0.4298 -0.0011
-178.74 29.3817 -178.732 -3.2179 2.2886 -0.9029 0.4298 -0.0011
54.5067 194.807 -669.273 -13.5119 -1.1664 0.6571 0.7538 -0.0012
72.3279 180.204 -72.3245 -0.9982 -0.8582 0.6571 0.7538 -0.0012
71.51 179.991 -665.894 -13.4411 -0.8582 0.6571 0.7538 -0.0012
72.3279 180.204 -72.3245 -0.9982 -0.8582 0.6582 0.7528 -0.0012
54.5067 194.807 -669.273 -13.5119 -1.1664 0.6582 0.7528 -0.0012
55.4433 194.995 -55.4402 -0.6463 -1.1664 0.6582 0.7528 -0.0012
119.889 125.43 -653.433 -13.1802 0.2786 0.8164 0.5775 -0.0012
135.684 104.143 -135.679 -2.3193 0.7281 0.8164 0.5775 -0.0012
135.141 103.876 -648.505 -13.0771 0.7281 0.8164 0.5775 -0.0012
135.684 104.143 -135.679 -2.3193 0.7281 0.8167 0.5771 -0.0012
119.889 125.43 -653.433 -13.1802 0.2786 0.8167 0.5771 -0.0012
120.479 125.691 -120.475 -2.0021 0.2786 0.8167 0.5771 -0.0012
178.297 29.1184 -631.399 -12.7189 2.2886 0.9023 0.4311 -0.001
192.179 1.1155 -192.169 -3.4988 2.8794 0.9023 0.4311 -0.001
191.805 0.8618 -624.922 -12.5833 2.8794 0.9023 0.4311 -0.001
192.179 1.1155 -192.169 -3.4988 2.8794 0.9029 0.4298 -0.0011
178.297 29.1184 -631.399 -12.7189 2.2886 0.9029 0.4298 -0.0011
178.74 29.3817 -178.732 -3.2179 2.2886 0.9029 0.4298 -0.0011
72.3279 180.204 72.3245 1.9982 -0.8582 0.6571 0.7538 0.0012
54.5071 194.807 669.273 14.5119 -1.1664 0.6571 0.7538 0.0012
71.5104 179.991 665.894 14.4411 -0.8582 0.6571 0.7538 0.0012
54.5071 194.807 669.273 14.5119 -1.1664 0.6582 0.7528 0.0012
72.3279 180.204 72.3245 1.9982 -0.8582 0.6582 0.7528 0.0012
55.4434 194.995 55.4402 1.6463 -1.1664 0.6582 0.7528 0.0012
135.684 104.143 135.679 3.3193 0.7281 0.8164 0.5775 0.0012
119.889 125.43 653.433 14.1802 0.2786 0.8164 0.5775 0.0012
135.142 103.876 648.505 14.0771 0.7281 0.8164 0.5775 0.0012
119.889 125.43 653.433 14.1802 0.2786 0.8167 0.5771 0.0012
135.684 104.143 135.679 3.3193 0.7281 0.8167 0.5771 0.0012
120.479 125.691 120.474 3.0021 0.2786 0.8167 0.5771 0.0012
192.179 1.1155 192.169 4.4988 2.8794 0.9023 0.4311 0.001
178.297 29.1184 631.399 13.7189 2.2886 0.9023 0.4311 0.001
191.805 0.8618 624.922 13.5833 2.8794 0.9023 0.4311 0.001
178.297 29.1184 631.399 13.7189 2.2886 0.9029 0.4298 0.0011
192.179 1.1155 192.169 4.4988 2.8794 0.9029 0.4298 0.0011
178.74 29.3817 178.732 4.2179 2.2886 0.9029 0.4298 0.0011
-38.1514 208.092 38.149 -0.2913 -1.4525 -0.0023 0.8423 0.539
-350.873 219.369 19.1815 -6.8954 -1.6918 -0.0023 0.8423 0.539
-348.269 207.933 37.0643 -6.8405 -1.4525 -0.0023 0.8423 0.539
-350.873 219.369 19.1815 -6.8954 -1.6918 -0.0024 0.8416 0.5401
-38.1514 208.092 38.149 -0.2913 -1.4525 -0.0024 0.8416 0.5401
-20.4317 219.513 20.4315 0.0798 -1.6918 -0.0024 0.8416 0.5401
-104.849 145.551 104.846 -1.6909 -0.1399 -0.0028 0.6631 0.7486
-338.132 163.488 88.0748 -6.6268 -0.5214 -0.0028 0.6631 0.7486
-333.979 145.301 104.201 -6.5392 -0.1399 -0.0028 0.6631 0.7486
-338.132 163.488 88.0748 -6.6268 -0.5214 -0.0028 0.6634 0.7483
-104.849 145.551 104.846 -1.6909 -0.1399 -0.0028 0.6634 0.7483
-88.798 163.723 88.7947 -1.3539 -0.5214 -0.0028 0.6634 0.7483
-164.816 55.9883 164.81 -2.9504 1.7415 -0.0036 0.4993 0.8664
-319.198 80.6377 149.96 -6.2276 1.2178 -0.0036 0.4993 0.8664
-313.497 55.7184 164.345 -6.1074 1.7415 -0.0036 0.4993 0.8664
-319.198 80.6377 149.96 -6.2276 1.2178 -0.0034 0.5005 0.8657
-164.816 55.9883 164.81 -2.9504 1.7415 -0.0034 0.5005 0.8657
-150.463 80.9087 150.458 -2.6488 1.2178 -0.0034 0.5005 0.8657
-348.269 207.933 -37.0635 -6.8405 -1.4525 -0.0025 0.7988 -0.6016
-55.4431 194.995 -55.4402 -0.654 -1.1777 -0.0025 0.7988 -0.6016
-345.277 194.807 -54.5067 -6.7774 -1.1777 -0.0025 0.7988 -0.6016
-55.4431 194.995 -55.4402 -0.654 -1.1777 -0.0025 0.7983 -0.6022
-348.269 207.933 -37.0635 -6.8405 -1.4525 -0.0025 0.7983 -0.6022
-38.1515 208.092 -38.1489 -0.2913 -1.4525 -0.0025 0.7983 -0.6022
-333.979 145.301 -104.2 -6.5392 -0.1399 -0.003 0.6192 -0.7852
-120.479 125.691 -120.474 -2.019 0.2771 -0.003 0.6192 -0.7852
-329.439 125.429 -119.889 -6.4435 0.2771 -0.003 0.6192 -0.7852
-120.479 125.691 -120.474 -2.019 0.2771 -0.0029 0.6198 -0.7847
-333.979 145.301 -104.2 -6.5392 -0.1399 -0.0029 0.6198 -0.7847
-104.85 145.551 -104.846 -1.6909 -0.1399 -0.0029 0.6198 -0.7847
-313.497 55.7184 -164.345 -6.1074 1.7415 -0.004 0.4638 -0.8859
-178.74 29.3817 -178.732 -3.243 2.3007 -0.004 0.4638 -0.8859
-307.41 29.1168 -178.297 -5.9791 2.3007 -0.004 0.4638 -0.8859
-178.74 29.3817 -178.732 -3.243 2.3007 -0.0036 0.4651 -0.8852
-313.497 55.7184 -164.345 -6.1074 1.7415 -0.0036 0.4651 -0.8852
-164.816 55.9883 -164.81 -2.9504 1.7415 -0.0036 0.4651 -0.8852
55.4433 194.995 -55.4402 1.654 -1.1777 0.0025 0.7988 -0.6016
348.269 207.933 -37.064 7.8405 -1.4525 0.0025 0.7988 -0.6016
345.277 194.807 -54.507 7.7774 -1.1777 0.0025 0.7988 -0.6016
348.269 207.933 -37.064 7.8405 -1.4525 0.0025 0.7983 -0.6022
55.4433 194.995 -55.4402 1.654 -1.1777 0.0025 0.7983 -0.6022
38.1517 208.092 -38.1489 1.2913 -1.4525 0.0025 0.7983 -0.6022
120.479 125.691 -120.475 3.019 0.2771 0.003 0.6192 -0.7852
333.979 145.301 -104.2 7.5392 -0.1399 0.003 0.6192 -0.7852
329.439 125.429 -119.889 7.4435 0.2771 0.003 0.6192 -0.7852
333.979 145.301 -104.2 7.5392 -0.1399 0.0029 0.6198 -0.7847
120.479 125.691 -120.475 3.019 0.2771 0.0029 0.6198 -0.7847
104.85 145.551 -104.846 2.6909 -0.1399 0.0029 0.6198 -0.7847
178.74 29.3817 -178.732 4.243 2.3007 0.0039 0.4638 -0.8859
313.497 55.7184 -164.345 7.1074 1.7415 0.0039 0.4638 -0.8859
307.41 29.1168 -178.297 6.9791 2.3007 0.0039 0.4638 -0.8859
313.497 55.7184 -164.345 7.1074 1.7415 0.0036 0.4651 -0.8852
178.74 29.3817 -178.732 4.243 2.3007 0.0036 0.4651 -0.8852
164.816 55.9883 -164.81 3.9504 1.7415 0.0036 0.4651 -0.8852
348.269 207.933 37.0638 7.8405 -1.4525 0.0025 0.7988 0.6016
55.4434 194.995 55.4402 1.654 -1.1777 0.0025 0.7988 0.6016
345.277 194.807 54.5069 7.7774 -1.1777 0.0025 0.7988 0.6016
55.4434 194.995 55.4402 1.654 -1.1777 0.0025 0.7983 0.6022
348.269 207.933 37.0638 7.8405 -1.4525 0.0025 0.7983 0.6022
38.1517 208.092 38.1489 1.2913 -1.4525 0.0025 0.7983 0.6022
333.979 145.301 104.2 7.5392 -0.1399 0.003 0.6192 0.7852
120.479 125.691 120.474 3.019 0.2771 0.003 0.6192 0.7852
329.439 125.429 119.889 7.4435 0.2771 0.003 0.6192 0.7852
120.479 125.691 120.474 3.019 0.2771 0.0029 0.6198 0.7847
333.979 145.301 104.2 7.5392 -0.1399 0.0029 0.6198 0.7847
104.85 145.551 104.845 2.6909 -0.1399 0.0029 0.6198 0.7847
313.497 55.7184 164.345 7.1074 1.7415 0.0039 0.4638 0.8859
178.74 29.3817 178.732 4.243 2.3007 0.0039 0.4638 0.8859
307.41 29.1168 178.297 6.9791 2.3007 0.0039 0.4638 0.8859
178.74 29.3817 178.732 4.243 2.3007 0.0036 0.4651 0.8852
313.497 55.7184 164.345 7.1074 1.7415 0.0036 0.4651 0.8852
164.816 55.9883 164.81 3.9504 1.7415 0.0036 0.4651 0.8852
-19.1806 219.369 674.871 14.6291 -1.6771 -0.5389 0.8424 0.0011
-38.1514 208.092 38.149 1.286 -1.4394 -0.5389 0.8424 0.0011
-37.0633 207.934 672.266 14.5745 -1.4394 -0.5389 0.8424 0.0011
-38.1514 208.092 38.149 1.286 -1.4394 -0.5409 0.8411 0.0012
-19.1806 219.369 674.871 14.6291 -1.6771 -0.5409 0.8411 0.0012
-20.4317 219.513 20.4315 0.9174 -1.6771 -0.5409 0.8411 0.0012
-88.0737 163.489 662.127 14.3623 -0.5146 -0.7484 0.6633 0.0012
-104.849 145.551 104.846 2.6762 -0.1356 -0.7484 0.6633 0.0012
-104.2 145.301 657.974 14.2753 -0.1356 -0.7484 0.6633 0.0012
-104.849 145.551 104.846 2.6762 -0.1356 -0.7489 0.6626 0.0012
-88.0737 163.489 662.127 14.3623 -0.5146 -0.7489 0.6626 0.0012
-88.798 163.723 88.7947 2.3415 -0.5146 -0.7489 0.6626 0.0012
-149.959 80.6387 643.19 13.9658 1.213 -0.8662 0.4997 0.0011
-164.816 55.9883 164.81 3.9273 1.7332 -0.8662 0.4997 0.0011
-164.344 55.7196 637.488 13.8464 1.7332 -0.8662 0.4997 0.0011
-164.816 55.9883 164.81 3.9273 1.7332 -0.8663 0.4996 0.0012
-149.959 80.6387 643.19 13.9658 1.213 -0.8663 0.4996 0.0012
-150.463 80.9087 150.458 3.6277 1.213 -0.8663 0.4996 0.0012
-55.4431 194.995 -55.4402 -0.6463 -1.1664 -0.6014 0.7989 -0.0012
-37.0637 207.934 -672.266 -13.5745 -1.4394 -0.6014 0.7989 -0.0012
-54.5067 194.807 -669.273 -13.5119 -1.1664 -0.6014 0.7989 -0.0012
-37.0637 207.934 -672.266 -13.5745 -1.4394 -0.603 0.7977 -0.0012
-55.4431 194.995 -55.4402 -0.6463 -1.1664 -0.603 0.7977 -0.0012
-38.1515 208.092 -38.1489 -0.286 -1.4394 -0.603 0.7977 -0.0012
-120.479 125.691 -120.474 -2.0021 0.2786 -0.785 0.6195 -0.0012
-104.2 145.301 -657.974 -13.2753 -0.1356 -0.785 0.6195 -0.0012
-119.889 125.43 -653.433 -13.1802 0.2786 -0.785 0.6195 -0.0012
-104.2 145.301 -657.974 -13.2753 -0.1356 -0.7854 0.619 -0.0012
-120.479 125.691 -120.474 -2.0021 0.2786 -0.7854 0.619 -0.0012
-104.85 145.551 -104.846 -1.6762 -0.1356 -0.7854 0.619 -0.0012
-178.74 29.3817 -178.732 -3.2179 2.2886 -0.8857 0.4643 -0.0011
-164.344 55.7196 -637.488 -12.8464 1.7332 -0.8857 0.4643 -0.0011
-178.297 29.1184 -631.399 -12.7189 2.2886 -0.8857 0.4643 -0.0011
-164.344 55.7196 -637.488 -12.8464 1.7332 -0.8858 0.4641 -0.0011
-178.74 29.3817 -178.732 -3.2179 2.2886 -0.8858 0.4641 -0.0011
-164.816 55.9883 -164.81 -2.9273 1.7332 -0.8858 0.4641 -0.0011
37.0637 207.934 -672.266 -13.5745 -1.4394 0.6014 0.7989 -0.0012
55.4433 194.995 -55.4402 -0.6463 -1.1664 0.6014 0.7989 -0.0012
54.5067 194.807 -669.273 -13.5119 -1.1664 0.6014 0.7989 -0.0012
55.4433 194.995 -55.4402 -0.6463 -1.1664 0.603 0.7977 -0.0012
37.0637 207.934 -672.266 -13.5745 -1.4394 0.603 0.7977 -0.0012
38.1517 208.092 -38.1489 -0.286 -1.4394 0.603 0.7977 -0.0012
104.2 145.301 -657.974 -13.2753 -0.1356 0.785 0.6195 -0.0012
120.479 125.691 -120.475 -2.0021 0.2786 0.785 0.6195 -0.0012
119.889 125.43 -653.433 -13.1802 0.2786 0.785 0.6195 -0.0012
120.479 125.691 -120.475 -2.0021 0.2786 0.7854 0.619 -0.0012
104.2 145.301 -657.974 -13.2753 -0.1356 0.7854 0.619 -0.0012
104.85 145.551 -104.846 -1.6762 -0.1356 0.7854 0.619 -0.0012
164.344 55.7196 -637.488 -12.8464 1.7332 0.8857 0.4643 -0.0011
178.74 29.3817 -178.732 -3.2179 2.2886 0.8857 0.4643 -0.0011
178.297 29.1184 -631.399 -12.7189 2.2886 0.8857 0.4643 -0.0011
178.74 29.3817 -178.732 -3.2179 2.2886 0.8858 0.4641 -0.0011
164.344 55.7196 -637.488 -12.8464 1.7332 0.8858 0.4641 -0.0011
164.816 55.9883 -164.81 -2.9273 1.7332 0.8858 0.4641 -0.0011
55.4434 194.995 55.4402 1.6463 -1.1664 0.6014 0.7989 0.0012
37.0641 207.934 672.266 14.5745 -1.4394 0.6014 0.7989 0.0012
54.5071 194.807 669.273 14.5119 -1.1664 0.6014 0.7989 0.0012
37.0641 207.934 672.266 14.5745 -1.4394 0.603 0.7977 0.0012
55.4434 194.995 55.4402 1.6463 -1.1664 0.603 0.7977 0.0012
38.1517 208.092 38.1489 1.286 -1.4394 0.603 0.7977 0.0012
120.479 125.691 120.474 3.0021 0.2786 0.785 0.6195 0.0012
104.2 145.301 657.974 14.2753 -0.1356 0.785 0.6195 0.0012
119.889 125.43 653.433 14.1802 0.2786 0.785 0.6195 0.0012
104.2 145.301 657.974 14.2753 -0.1356 0.7854 0.619 0.0012
120.479 125.691 120.474 3.0021 0.2786 0.7854 0.619 0.0012
104.85 145.551 104.845 2.6762 -0.1356 0.7854 0.619 0.0012
178.74 29.3817 178.732 4.2179 2.2886 0.8857 0.4643 0.0011
164.345 55.7196 637.488 13.8464 1.7332 0.8857 0.4643 0.0011
178.297 29.1184 631.399 13.7189 2.2886 0.8857 0.4643 0.0011
164.345 55.7196 637.488 13.8464 1.7332 0.8858 0.4641 0.0011
178.74 29.3817 178.732 4.2179 2.2886 0.8858 0.4641 0.0011
164.816 55.9883 164.81 3.9273 1.7332 0.8858 0.4641 0.0011
-353.092 229.304 0.0004 -6.9422 -1.8955 0 0.9018 0.4322
-20.4317 219.513 20.4315 0.0798 -1.6918 0 0.9018 0.4322
0.0001 229.304 0.0001 0.5 -1.8955 0 0.9018 0.4322
-20.4317 219.513 20.4315 0.0798 -1.6918 -0.0021 0.8878 0.4601
-353.092 229.304 0.0004 -6.9422 -1.8955 -0.0021 0.8878 0.4601
-350.873 219.369 19.1815 -6.8954 -1.6918 -0.0021 0.8878 0.4601
-88.798 163.723 88.7947 -1.3539 -0.5214 -0.0027 0.7081 0.7061
-341.898 179.991 71.5106 -6.7062 -0.8673 -0.0027 0.7081 0.7061
-338.132 163.488 88.0748 -6.6268 -0.5214 -0.0027 0.7081 0.7061
-341.898 179.991 71.5106 -6.7062 -0.8673 -0.0027 0.7082 0.706
-88.798 163.723 88.7947 -1.3539 -0.5214 -0.0027 0.7082 0.706
-72.3276 180.204 72.3246 -1.0083 -0.8673 -0.0027 0.7082 0.706
-150.463 80.9087 150.458 -2.6488 1.2178 -0.0033 0.5371 0.8435
-324.512 103.875 135.142 -6.3397 0.7297 -0.0033 0.5371 0.8435
-319.198 80.6377 149.96 -6.2276 1.2178 -0.0033 0.5371 0.8435
-324.512 103.875 135.142 -6.3397 0.7297 -0.0032 0.5381 0.8429
-150.463 80.9087 150.458 -2.6488 1.2178 -0.0032 0.5381 0.8429
-135.684 104.143 135.679 -2.3383 0.7297 -0.0032 0.5381 0.8429
-350.873 219.369 -19.1808 -6.8954 -1.6918 -0.0023 0.8423 -0.539
-38.1515 208.092 -38.1489 -0.2913 -1.4525 -0.0023 0.8423 -0.539
-348.269 207.933 -37.0635 -6.8405 -1.4525 -0.0023 0.8423 -0.539
-38.1515 208.092 -38.1489 -0.2913 -1.4525 -0.0024 0.8416 -0.5401
-350.873 219.369 -19.1808 -6.8954 -1.6918 -0.0024 0.8416 -0.5401
-20.4317 219.513 -20.4315 0.0798 -1.6918 -0.0024 0.8416 -0.5401
-338.132 163.488 -88.0742 -6.6268 -0.5214 -0.0028 0.6631 -0.7486
-104.85 145.551 -104.846 -1.6909 -0.1399 -0.0028 0.6631 -0.7486
-333.979 145.301 -104.2 -6.5392 -0.1399 -0.0028 0.6631 -0.7486
-104.85 145.551 -104.846 -1.6909 -0.1399 -0.0028 0.6634 -0.7483
-338.132 163.488 -88.0742 -6.6268 -0.5214 -0.0028 0.6634 -0.7483
-88.798 163.723 -88.7946 -1.3539 -0.5214 -0.0028 0.6634 -0.7483
-319.198 80.6377 -149.96 -6.2276 1.2178 -0.0036 0.4993 -0.8664
-164.816 55.9883 -164.81 -2.9504 1.7415 -0.0036 0.4993 -0.8664
-313.497 55.7184 -164.345 -6.1074 1.7415 -0.0036 0.4993 -0.8664
-164.816 55.9883 -164.81 -2.9504 1.7415 -0.0034 0.5005 -0.8657
-319.198 80.6377 -149.96 -6.2276 1.2178 -0.0034 0.5005 -0.8657
-150.463 80.9087 -150.458 -2.6488 1.2178 -0.0034 0.5005 -0.8657
38.1517 208.092 -38.1489 1.2913 -1.4525 0.0023 0.8423 -0.539
350.873 219.369 -19.1812 7.8954 -1.6918 0.0023 0.8423 -0.539
348.269 207.933 -37.064 7.8405 -1.4525 0.0023 0.8423 -0.539
350.873 219.369 -19.1812 7.8954 -1.6918 0.0024 0.8416 -0.5401
38.1517 208.092 -38.1489 1.2913 -1.4525 0.0024 0.8416 -0.5401
20.432 219.513 -20.4315 0.9202 -1.6918 0.0024 0.8416 -0.5401
104.85 145.551 -104.846 2.6909 -0.1399 0.0028 0.6631 -0.7486
338.132 163.488 -88.0746 7.6268 -0.5214 0.0028 0.6631 -0.7486
333.979 145.301 -104.2 7.5392 -0.1399 0.0028 0.6631 -0.7486
338.132 163.488 -88.0746 7.6268 -0.5214 0.0028 0.6634 -0.7483
104.85 145.551 -104.846 2.6909 -0.1399 0.0028 0.6634 -0.7483
88.7983 163.723 -88.7946 2.3539 -0.5214 0.0028 0.6634 -0.7483
164.816 55.9883 -164.81 3.9504 1.7415 0.0036 0.4993 -0.8664
319.198 80.6377 -149.96 7.2276 1.2178 0.0036 0.4993 -0.8664
313.497 55.7184 -164.345 7.1074 1.7415 0.0036 0.4993 -0.8664
319.198 80.6377 -149.96 7.2276 1.2178 0.0034 0.5005 -0.8657
164.816 55.9883 -164.81 3.9504 1.7415 0.0034 0.5005 -0.8657
150.463 80.9087 -150.458 3.6488 1.2178 0.0034 0.5005 -0.8657
350.873 219.369 19.1812 7.8954 -1.6918 0.0023 0.8423 0.539
38.1517 208.092 38.1489 1.2913 -1.4525 0.0023 0.8423 0.539
348.269 207.933 37.0638 7.8405 -1.4525 0.0023 0.8423 0.539
38.1517 208.092 38.1489 1.2913 -1.4525 0.0024 0.8416 0.5401
350.873 219.369 19.1812 7.8954 -1.6918 0.0024 0.8416 0.5401
20.432 219.513 20.4315 0.9202 -1.6918 0.0024 0.8416 0.5401
338.132 163.488 88.0744 7.6268 -0.5214 0.0028 0.6631 0.7486
104.85 145.551 104.845 2.6909 -0.1399 0.0028 0.6631 0.7486
333.979 145.301 104.2 7.5392 -0.1399 0.0028 0.6631 0.7486
104.85 145.551 104.845 2.6909 -0.1399 0.0028 0.6634 0.7483
338.132 163.488 88.0744 7.6268 -0.5214 0.0028 0.6634 0.7483
88.7983 163.723 88.7946 2.3539 -0.5214 0.0028 0.6634 0.7483
319.198 80.6377 149.96 7.2276 1.2178 0.0036 0.4993 0.8664
164.816 55.9883 164.81 3.9504 1.7415 0.0036 0.4993 0.8664
313.497 55.7184 164.345 7.1074 1.7415 0.0036 0.4993 0.8664
164.816 55.9883 164.81 3.9504 1.7415 0.0034 0.5005 0.8657
319.198 80.6377 149.96 7.2276 1.2178 0.0034 0.5005 0.8657
150.464 80.9087 150.458 3.6488 1.2178 0.0034 0.5005 0.8657
-20.4317 219.513 -20.4315 0.0798 -1.6918 -0 0.9018 -0.4322
-353.092 229.304 0.0004 -6.9422 -1.8955 -0 0.9018 -0.4322
0.0001 229.304 0.0001 0.5 -1.8955 -0 0.9018 -0.4322
-353.092 229.304 0.0004 -6.9422 -1.8955 -0.0021 0.8878 -0.4601
-20.4317 219.513 -20.4315 0.0798 -1.6918 -0.0021 0.8878 -0.4601
-350.873 219.369 -19.1808 -6.8954 -1.6918 -0.0021 0.8878 -0.4601
-72.3276 180.204 72.3246 -1.0083 -0.8673 -0.0026 0.7537 0.6572
-345.277 194.807 54.5073 -6.7774 -1.1777 -0.0026 0.7537 0.6572
-341.898 179.991 71.5106 -6.7062 -0.8673 -0.0026 0.7537 0.6572
-345.277 194.807 54.5073 -6.7774 -1.1777 -0.0026 0.7535 0.6574
-72.3276 180.204 72.3246 -1.0083 -0.8673 -0.0026 0.7535 0.6574
-55.443 194.995 55.4402 -0.654 -1.1777 -0.0026 0.7535 0.6574
-135.684 104.143 135.679 -2.3383 0.7297 -0.0031 0.5772 0.8166
-329.439 125.429 119.889 -6.4435 0.2771 -0.0031 0.5772 0.8166
-324.512 103.875 135.142 -6.3397 0.7297 -0.0031 0.5772 0.8166
-329.439 125.429 119.889 -6.4435 0.2771 -0.003 0.578 0.8161
-135.684 104.143 135.679 -2.3383 0.7297 -0.003 0.578 0.8161
-120.479 125.691 120.475 -2.019 0.2771 -0.003 0.578 0.8161
-307.41 29.1168 178.298 -5.9791 2.3007 -0.0039 0.4308 0.9024
-192.178 1.1155 192.169 -3.5258 2.8955 -0.0039 0.4308 0.9024
-178.739 29.3817 178.732 -3.243 2.3007 -0.0039 0.4308 0.9024
-192.178 1.1155 192.169 -3.5258 2.8955 -0.004 0.4305 0.9026
-307.41 29.1168 178.298 -5.9791 2.3007 -0.004 0.4305 0.9026
-300.934 0.8595 191.806 -5.8426 2.8955 -0.004 0.4305 0.9026
-341.898 179.991 -71.5099 -6.7062 -0.8673 -0.0027 0.7081 -0.7061
-88.798 163.723 -88.7946 -1.3539 -0.5214 -0.0027 0.7081 -0.7061
-338.132 163.488 -88.0742 -6.6268 -0.5214 -0.0027 0.7081 -0.7061
-88.798 163.723 -88.7946 -1.3539 -0.5214 -0.0027 0.7082 -0.706
-341.898 179.991 -71.5099 -6.7062 -0.8673 -0.0027 0.7082 -0.706
-72.3277 180.204 -72.3245 -1.0083 -0.8673 -0.0027 0.7082 -0.706
-324.512 103.875 -135.142 -6.3397 0.7297 -0.0034 0.5371 -0.8435
-150.463 80.9087 -150.458 -2.6488 1.2178 -0.0034 0.5371 -0.8435
-319.198 80.6377 -149.96 -6.2276 1.2178 -0.0034 0.5371 -0.8435
-150.463 80.9087 -150.458 -2.6488 1.2178 -0.0032 0.5381 -0.8429
-324.512 103.875 -135.142 -6.3397 0.7297 -0.0032 0.5381 -0.8429
-135.684 104.143 -135.679 -2.3383 0.7297 -0.0032 0.5381 -0.8429
353.092 229.304 -0.0001 7.9422 -1.8955 -0 0.9018 -0.4322
20.432 219.513 -20.4315 0.9202 -1.6918 -0 0.9018 -0.4322
0.0001 229.304 0.0001 0.5 -1.8955 -0 0.9018 -0.4322
20.432 219.513 -20.4315 0.9202 -1.6918 0.0021 0.8878 -0.4601
353.092 229.304 -0.0001 7.9422 -1.8955 0.0021 0.8878 -0.4601
350.873 219.369 -19.1812 7.8954 -1.6918 0.0021 0.8878 -0.4601
88.7983 163.723 -88.7946 2.3539 -0.5214 0.0027 0.7081 -0.7061
341.898 179.991 -71.5104 7.7062 -0.8673 0.0027 0.7081 -0.7061
338.132 163.488 -88.0746 7.6268 -0.5214 0.0027 0.7081 -0.7061
341.898 179.991 -71.5104 7.7062 -0.8673 0.0027 0.7082 -0.706
88.7983 163.723 -88.7946 2.3539 -0.5214 0.0027 0.7082 -0.706
72.3279 180.204 -72.3245 2.0083 -0.8673 0.0027 0.7082 -0.706
150.463 80.9087 -150.458 3.6488 1.2178 0.0033 0.5371 -0.8435
324.512 103.875 -135.142 7.3397 0.7297 0.0033 0.5371 -0.8435
319.198 80.6377 -149.96 7.2276 1.2178 0.0033 0.5371 -0.8435
324.512 103.875 -135.142 7.3397 0.7297 0.0032 0.5381 -0.8429
150.463 80.9087 -150.458 3.6488 1.2178 0.0032 0.5381 -0.8429
135.684 104.143 -135.679 3.3384 0.7297 0.0032 0.5381 -0.8429
20.432 219.513 20.4315 0.9202 -1.6918 0 0.9018 0.4322
353.092 229.304 -0.0001 7.9422 -1.8955 0 0.9018 0.4322
0.0001 229.304 0.0001 0.5 -1.8955 0 0.9018 0.4322
353.092 229.304 -0.0001 7.9422 -1.8955 0.0021 0.8878 0.4601
20.432 219.513 20.4315 0.9202 -1.6918 0.0021 0.8878 0.4601
350.873 219.369 19.1812 7.8954 -1.6918 0.0021 0.8878 0.4601
341.898 179.991 71.5103 7.7062 -0.8673 0.0027 0.7081 0.7061
88.7983 163.723 88.7946 2.3539 -0.5214 0.0027 0.7081 0.7061
338.132 163.488 88.0744 7.6268 -0.5214 0.0027 0.7081 0.7061
88.7983 163.723 88.7946 2.3539 -0.5214 0.0027 0.7082 0.706
341.898 179.991 71.5103 7.7062 -0.8673 0.0027 0.7082 0.706
72.3279 180.204 72.3245 2.0083 -0.8673 0.0027 0.7082 0.706
324.512 103.875 135.142 7.3397 0.7297 0.0034 0.5371 0.8435
150.464 80.9087 150.458 3.6488 1.2178 0.0034 0.5371 0.8435
319.198 80.6377 149.96 7.2276 1.2178 0.0034 0.5371 0.8435
150.464 80.9087 150.458 3.6488 1.2178 0.0032 0.5381 0.8429
324.512 103.875 135.142 7.3397 0.7297 0.0032 0.5381 0.8429
135.684 104.143 135.679 3.3384 0.7297 0.0032 0.5381 0.8429
-20.4317 219.513 20.4315 0.9174 -1.6771 -0.4322 0.9018 0
0.0004 229.304 677.089 14.6755 -1.8794 -0.4322 0.9018 0
0.0001 229.304 0.0001 0.5 -1.8794 -0.4322 0.9018 0
0.0004 229.304 677.089 14.6755 -1.8794 -0.46 0.8879 0.0011
-20.4317 219.513 20.4315 0.9174 -1.6771 -0.46 0.8879 0.0011
-19.1806 219.369 674.871 14.6291 -1.6771 -0.46 0.8879 0.0011
-71.5096 179.991 665.894 14.4411 -0.8582 -0.7059 0.7083 0.0012
-88.798 163.723 88.7947 2.3415 -0.5146 -0.7059 0.7083 0.0012
-88.0737 163.489 662.127 14.3623 -0.5146 -0.7059 0.7083 0.0012
-88.798 163.723 88.7947 2.3415 -0.5146 -0.7067 0.7075 0.0012
-71.5096 179.991 665.894 14.4411 -0.8582 -0.7067 0.7075 0.0012
-72.3276 180.204 72.3246 1.9982 -0.8582 -0.7067 0.7075 0.0012
-135.141 103.876 648.505 14.0771 0.7281 -0.8433 0.5375 0.0012
-150.463 80.9087 150.458 3.6277 1.213 -0.8433 0.5375 0.0012
-149.959 80.6387 643.19 13.9658 1.213 -0.8433 0.5375 0.0012
-150.463 80.9087 150.458 3.6277 1.213 -0.8434 0.5372 0.0012
-135.141 103.876 648.505 14.0771 0.7281 -0.8434 0.5372 0.0012
-135.684 104.143 135.679 3.3193 0.7281 -0.8434 0.5372 0.0012
-38.1515 208.092 -38.1489 -0.286 -1.4394 -0.5389 0.8424 -0.0011
-19.181 219.369 -674.871 -13.6291 -1.6771 -0.5389 0.8424 -0.0011
-37.0637 207.934 -672.266 -13.5745 -1.4394 -0.5389 0.8424 -0.0011
-19.181 219.369 -674.871 -13.6291 -1.6771 -0.5409 0.8411 -0.0012
-38.1515 208.092 -38.1489 -0.286 -1.4394 -0.5409 0.8411 -0.0012
-20.4317 219.513 -20.4315 0.0826 -1.6771 -0.5409 0.8411 -0.0012
-104.85 145.551 -104.846 -1.6762 -0.1356 -0.7484 0.6633 -0.0012
-88.0741 163.489 -662.127 -13.3623 -0.5146 -0.7484 0.6633 -0.0012
-104.2 145.301 -657.974 -13.2753 -0.1356 -0.7484 0.6633 -0.0012
-88.0741 163.489 -662.127 -13.3623 -0.5146 -0.7489 0.6626 -0.0012
-104.85 145.551 -104.846 -1.6762 -0.1356 -0.7489 0.6626 -0.0012
-88.798 163.723 -88.7946 -1.3415 -0.5146 -0.7489 0.6626 -0.0012
-164.816 55.9883 -164.81 -2.9273 1.7332 -0.8662 0.4997 -0.0011
-149.96 80.6387 -643.19 -12.9658 1.213 -0.8662 0.4997 -0.0011
-164.344 55.7196 -637.488 -12.8464 1.7332 -0.8662 0.4997 -0.0011
-149.96 80.6387 -643.19 -12.9658 1.213 -0.8663 0.4996 -0.0012
-164.816 55.9883 -164.81 -2.9273 1.7332 -0.8663 0.4996 -0.0012
-150.463 80.9087 -150.458 -2.6277 1.213 -0.8663 0.4996 -0.0012
19.181 219.369 -674.871 -13.6291 -1.6771 0.5389 0.8424 -0.0011
38.1517 208.092 -38.1489 -0.286 -1.4394 0.5389 0.8424 -0.0011
37.0637 207.934 -672.266 -13.5745 -1.4394 0.5389 0.8424 -0.0011
38.1517 208.092 -38.1489 -0.286 -1.4394 0.5409 0.8411 -0.0012
19.181 219.369 -674.871 -13.6291 -1.6771 0.5409 0.8411 -0.0012
20.432 219.513 -20.4315 0.0826 -1.6771 0.5409 0.8411 -0.0012
88.0741 163.489 -662.127 -13.3623 -0.5146 0.7484 0.6633 -0.0012
104.85 145.551 -104.846 -1.6762 -0.1356 0.7484 0.6633 -0.0012
104.2 145.301 -657.974 -13.2753 -0.1356 0.7484 0.6633 -0.0012
104.85 145.551 -104.846 -1.6762 -0.1356 0.7489 0.6626 -0.0012
88.0741 163.489 -662.127 -13.3623 -0.5146 0.7489 0.6626 -0.0012
88.7983 163.723 -88.7946 -1.3415 -0.5146 0.7489 0.6626 -0.0012
149.96 80.6387 -643.19 -12.9658 1.213 0.8662 0.4997 -0.0011
164.816 55.9883 -164.81 -2.9273 1.7332 0.8662 0.4997 -0.0011
164.344 55.7196 -637.488 -12.8464 1.7332 0.8662 0.4997 -0.0011
164.816 55.9883 -164.81 -2.9273 1.7332 0.8663 0.4996 -0.0012
149.96 80.6387 -643.19 -12.9658 1.213 0.8663 0.4996 -0.0012
150.463 80.9087 -150.458 -2.6277 1.213 0.8663 0.4996 -0.0012
38.1517 208.092 38.1489 1.286 -1.4394 0.5389 0.8424 0.0011
19.1815 219.369 674.871 14.6291 -1.6771 0.5389 0.8424 0.0011
37.0641 207.934 672.266 14.5745 -1.4394 0.5389 0.8424 0.0011
19.1815 219.369 674.871 14.6291 -1.6771 0.5409 0.8411 0.0012
38.1517 208.092 38.1489 1.286 -1.4394 0.5409 0.8411 0.0012
20.432 219.513 20.4315 0.9174 -1.6771 0.5409 0.8411 0.0012
104.85 145.551 104.845 2.6762 -0.1356 0.7484 0.6633 0.0012
88.0745 163.489 662.127 14.3623 -0.5146 0.7484 0.6633 0.0012
104.2 145.301 657.974 14.2753 -0.1356 0.7484 0.6633 0.0012
88.0745 163.489 662.127 14.3623 -0.5146 0.7489 0.6626 0.0012
104.85 145.551 104.845 2.6762 -0.1356 0.7489 0.6626 0.0012
88.7983 163.723 88.7946 2.3415 -0.5146 0.7489 0.6626 0.0012
164.816 55.9883 164.81 3.9273 1.7332 0.8662 0.4997 0.0011
149.96 80.6387 643.19 13.9658 1.213 0.8662 0.4997 0.0011
164.345 55.7196 637.488 13.8464 1.7332 0.8662 0.4997 0.0011
149.96 80.6387 643.19 13.9658 1.213 0.8663 0.4996 0.0012
164.816 55.9883 164.81 3.9273 1.7332 0.8663 0.4996 0.0012
150.464 80.9087 150.458 3.6277 1.213 0.8663 0.4996 0.0012
-0 229.304 -677.089 -13.6755 -1.8794 -0.4322 0.9018 0
-20.4317 219.513 -20.4315 0.0826 -1.6771 -0.4322 0.9018 0
0.0001 229.304 0.0001 0.5 -1.8794 -0.4322 0.9018 0
-20.4317 219.513 -20.4315 0.0826 -1.6771 -0.46 0.8879 -0.0011
-0 229.304 -677.089 -13.6755 -1.8794 -0.46 0.8879 -0.0011
-19.181 219.369 -674.871 -13.6291 -1.6771 -0.46 0.8879 -0.0011
-54.5063 194.807 669.273 14.5119 -1.1664 -0.6571 0.7538 0.0012
-72.3276 180.204 72.3246 1.9982 -0.8582 -0.6571 0.7538 0.0012
-71.5096 179.991 665.894 14.4411 -0.8582 -0.6571 0.7538 0.0012
-72.3276 180.204 72.3246 1.9982 -0.8582 -0.6582 0.7528 0.0012
-54.5063 194.807 669.273 14.5119 -1.1664 -0.6582 0.7528 0.0012
-55.443 194.995 55.4402 1.6463 -1.1664 -0.6582 0.7528 0.0012
-119.888 125.43 653.433 14.1802 0.2786 -0.8164 0.5775 0.0012
-135.684 104.143 135.679 3.3193 0.7281 -0.8164 0.5775 0.0012
-135.141 103.876 648.505 14.0771 0.7281 -0.8164 0.5775 0.0012
-135.684 104.143 135.679 3.3193 0.7281 -0.8167 0.5771 0.0012
-119.888 125.43 653.433 14.1802 0.2786 -0.8167 0.5771 0.0012
-120.479 125.691 120.475 3.0021 0.2786 -0.8167 0.5771 0.0012
-178.296 29.1184 631.399 13.7189 2.2886 -0.9023 0.4311 0.001
-192.178 1.1155 192.169 4.4988 2.8794 -0.9023 0.4311 0.001
-191.804 0.8618 624.922 13.5833 2.8794 -0.9023 0.4311 0.001
-192.178 1.1155 192.169 4.4988 2.8794 -0.9029 0.4298 0.0011
-178.296 29.1184 631.399 13.7189 2.2886 -0.9029 0.4298 0.0011
-178.739 29.3817 178.732 4.2179 2.2886 -0.9029 0.4298 0.0011
-88.798 163.723 -88.7946 -1.3415 -0.5146 -0.7059 0.7083 -0.0012
-71.51 179.991 -665.894 -13.4411 -0.8582 -0.7059 0.7083 -0.0012
-88.0741 163.489 -662.127 -13.3623 -0.5146 -0.7059 0.7083 -0.0012
-71.51 179.991 -665.894 -13.4411 -0.8582 -0.7067 0.7075 -0.0012
-88.798 163.723 -88.7946 -1.3415 -0.5146 -0.7067 0.7075 -0.0012
-72.3277 180.204 -72.3245 -0.9982 -0.8582 -0.7067 0.7075 -0.0012
-150.463 80.9087 -150.458 -2.6277 1.213 -0.8433 0.5375 -0.0012
-135.141 103.876 -648.505 -13.0771 0.7281 -0.8433 0.5375 -0.0012
-149.96 80.6387 -643.19 -12.9658 1.213 -0.8433 0.5375 -0.0012
-135.141 103.876 -648.505 -13.0771 0.7281 -0.8434 0.5372 -0.0012
-150.463 80.9087 -150.458 -2.6277 1.213 -0.8434 0.5372 -0.0012
-135.684 104.143 -135.679 -2.3193 0.7281 -0.8434 0.5372 -0.0012
20.432 219.513 -20.4315 0.0826 -1.6771 0.4322 0.9018 -0
-0 229.304 -677.089 -13.6755 -1.8794 0.4322 0.9018 -0
0.0001 229.304 0.0001 0.5 -1.8794 0.4322 0.9018 -0
-0 229.304 -677.089 -13.6755 -1.8794 0.46 0.8879 -0.0011
20.432 219.513 -20.4315 0.0826 -1.6771 0.46 0.8879 -0.0011
19.181 219.369 -674.871 -13.6291 -1.6771 0.46 0.8879 -0.0011
71.51 179.991 -665.894 -13.4411 -0.8582 0.7059 0.7083 -0.0012
88.7983 163.723 -88.7946 -1.3415 -0.5146 0.7059 0.7083 -0.0012
88.0741 163.489 -662.127 -13.3623 -0.5146 0.7059 0.7083 -0.0012
88.7983 163.723 -88.7946 -1.3415 -0.5146 0.7067 0.7075 -0.0012
71.51 179.991 -665.894 -13.4411 -0.8582 0.7067 0.7075 -0.0012
72.3279 180.204 -72.3245 -0.9982 -0.8582 0.7067 0.7075 -0.0012
135.141 103.876 -648.505 -13.0771 0.7281 0.8433 0.5375 -0.0012
150.463 80.9087 -150.458 -2.6277 1.213 0.8433 0.5375 -0.0012
149.96 80.6387 -643.19 -12.9658 1.213 0.8433 0.5375 -0.0012
150.463 80.9087 -150.458 -2.6277 1.213 0.8434 0.5372 -0.0012
135.141 103.876 -648.505 -13.0771 0.7281 0.8434 0.5372 -0.0012
135.684 104.143 -135.679 -2.3193 0.7281 0.8434 0.5372 -0.0012
0.0004 229.304 677.089 14.6755 -1.8794 0.4322 0.9018 -0
20.432 219.513 20.4315 0.9174 -1.6771 0.4322 0.9018 -0
0.0001 229.304 0.0001 0.5 -1.8794 0.4322 0.9018 -0
20.432 219.513 20.4315 0.9174 -1.6771 0.46 0.8879 0.0011
0.0004 229.304 677.089 14.6755 -1.8794 0.46 0.8879 0.0011
19.1815 219.369 674.871 14.6291 -1.6771 0.46 0.8879 0.0011
88.7983 163.723 88.7946 2.3415 -0.5146 0.7059 0.7083 0.0012
71.5104 179.991 665.894 14.4411 -0.8582 0.7059 0.7083 0.0012
88.0745 163.489 662.127 14.3623 -0.5146 0.7059 0.7083 0.0012
71.5104 179.991 665.894 14.4411 -0.8582 0.7067 0.7075 0.0012
88.7983 163.723 88.7946 2.3415 -0.5146 0.7067 0.7075 0.0012
72.3279 180.204 72.3245 1.9982 -0.8582 0.7067 0.7075 0.0012
150.464 80.9087 150.458 3.6277 1.213 0.8433 0.5375 0.0012
135.142 103.876 648.505 14.0771 0.7281 0.8433 0.5375 0.0012
149.96 80.6387 643.19 13.9658 1.213 0.8433 0.5375 0.0012
135.142 103.876 648.505 14.0771 0.7281 0.8434 0.5372 0.0012
150.464 80.9087 150.458 3.6277 1.213 0.8434 0.5372 0.0012
135.684 104.143 135.679 3.3193 0.7281 0.8434 0.5372 0.0012
-345.27 193.249 53.2527 -6.7774 -1.1777 0.0031 -0.7987 -0.6017
-348.263 206.287 35.9281 -6.8405 -1.4525 0.0031 -0.7987 -0.6017
-54.7513 193.249 54.7514 -0.654 -1.1777 0.0031 -0.7987 -0.6017
-37.5404 206.287 37.5406 -0.2913 -1.4525 0.0031 -0.7986 -0.6019
-54.7513 193.249 54.7514 -0.654 -1.1777 0.0031 -0.7986 -0.6019
-348.263 206.287 35.9281 -6.8405 -1.4525 0.0031 -0.7986 -0.6019
-329.429 124.228 118.29 -6.4435 0.2771 0.0046 -0.619 -0.7854
-333.97 144.013 102.67 -6.5392 -0.1399 0.0046 -0.619 -0.7854
-119.512 124.228 119.513 -2.019 0.2771 0.0046 -0.619 -0.7854
-103.944 144.013 103.944 -1.6909 -0.1399 0.0043 -0.6205 -0.7842
-119.512 124.228 119.513 -2.019 0.2771 0.0043 -0.6205 -0.7842
-333.97 144.013 102.67 -6.5392 -0.1399 0.0043 -0.6205 -0.7842
-307.395 28.219 176.511 -5.9791 2.3007 0.0073 -0.4631 -0.8863
-313.484 54.7512 162.595 -6.1074 1.7415 0.0073 -0.4631 -0.8863
-177.585 28.219 177.585 -3.243 2.3007 0.0073 -0.4631 -0.8863
-163.702 54.7512 163.702 -2.9504 1.7415 0.0065 -0.4663 -0.8846
-177.585 28.219 177.585 -3.243 2.3007 0.0065 -0.4663 -0.8846
-313.484 54.7512 162.595 -6.1074 1.7415 0.0065 -0.4663 -0.8846
-341.891 178.524 -70.1506 -6.7062 -0.8673 0.0034 -0.7536 0.6573
-71.5595 178.524 -71.5596 -1.0083 -0.8673 0.0034 -0.7536 0.6573
-345.27 193.249 -53.2521 -6.7774 -1.1777 0.0034 -0.7536 0.6573
-54.7514 193.249 -54.7514 -0.654 -1.1777 0.0034 -0.7539 0.657
-345.27 193.249 -53.2521 -6.7774 -1.1777 0.0034 -0.7539 0.657
-71.5595 178.524 -71.5596 -1.0083 -0.8673 0.0034 -0.7539 0.657
-324.501 102.756 -133.484 -6.3397 0.7297 0.0051 -0.5768 0.8168
-134.663 102.756 -134.663 -2.3383 0.7297 0.0051 -0.5768 0.8168
-329.429 124.228 -118.29 -6.4435 0.2771 0.0051 -0.5768 0.8168
-119.513 124.228 -119.513 -2.019 0.2771 0.0048 -0.5787 0.8155
-329.429 124.228 -118.29 -6.4435 0.2771 0.0048 -0.5787 0.8155
-134.663 102.756 -134.663 -2.3383 0.7297 0.0048 -0.5787 0.8155
-177.585 28.219 -177.585 -3.243 2.3007 0.0075 -0.4322 0.9017
-307.395 28.219 -176.51 -5.9791 2.3007 0.0075 -0.4322 0.9017
-191 0 -191 -3.5258 2.8955 0.0075 -0.4322 0.9017
-300.918 -0 -190 -5.8426 2.8955 0.0082 -0.4297 0.9029
-191 0 -191 -3.5258 2.8955 0.0082 -0.4297 0.9029
-307.395 28.219 -176.51 -5.9791 2.3007 0.0082 -0.4297 0.9029
341.891 178.524 -70.1511 7.7062 -0.8673 -0.0034 -0.7536 0.6573
345.27 193.249 -53.2524 7.7774 -1.1777 -0.0034 -0.7536 0.6573
71.5598 178.524 -71.5596 2.0083 -0.8673 -0.0034 -0.7536 0.6573
54.7516 193.249 -54.7514 1.654 -1.1777 -0.0034 -0.7539 0.657
71.5598 178.524 -71.5596 2.0083 -0.8673 -0.0034 -0.7539 0.657
345.27 193.249 -53.2524 7.7774 -1.1777 -0.0034 -0.7539 0.657
324.501 102.756 -133.484 7.3397 0.7297 -0.0051 -0.5768 0.8168
329.429 124.228 -118.29 7.4435 0.2771 -0.0051 -0.5768 0.8168
134.663 102.756 -134.663 3.3384 0.7297 -0.0051 -0.5768 0.8168
119.513 124.228 -119.513 3.019 0.2771 -0.0047 -0.5787 0.8155
134.663 102.756 -134.663 3.3384 0.7297 -0.0047 -0.5787 0.8155
329.429 124.228 -118.29 7.4435 0.2771 -0.0047 -0.5787 0.8155
177.585 28.219 -177.585 4.243 2.3007 -0.0075 -0.4322 0.9017
191 0 -191 4.5258 2.8955 -0.0075 -0.4322 0.9017
307.395 28.219 -176.51 6.9791 2.3007 -0.0075 -0.4322 0.9017
300.918 0 -190 6.8426 2.8955 -0.0082 -0.4297 0.9029
307.395 28.219 -176.51 6.9791 2.3007 -0.0082 -0.4297 0.9029
191 0 -191 4.5258 2.8955 -0.0082 -0.4297 0.9029
341.891 178.524 70.1509 7.7062 -0.8673 -0.0034 -0.7536 -0.6573
71.5598 178.524 71.5596 2.0083 -0.8673 -0.0034 -0.7536 -0.6573
345.27 193.249 53.2523 7.7774 -1.1777 -0.0034 -0.7536 -0.6573
54.7516 193.249 54.7514 1.654 -1.1777 -0.0034 -0.7539 -0.657
345.27 193.249 53.2523 7.7774 -1.1777 -0.0034 -0.7539 -0.657
71.5598 178.524 71.5596 2.0083 -0.8673 -0.0034 -0.7539 -0.657
324.501 102.756 133.484 7.3397 0.7297 -0.0051 -0.5768 -0.8168
134.663 102.756 134.663 3.3384 0.7297 -0.0051 -0.5768 -0.8168
329.429 124.228 118.29 7.4435 0.2771 -0.0051 -0.5768 -0.8168
119.513 124.228 119.513 3.019 0.2771 -0.0047 -0.5787 -0.8155
329.429 124.228 118.29 7.4435 0.2771 -0.0047 -0.5787 -0.8155
134.663 102.756 134.663 3.3384 0.7297 -0.0047 -0.5787 -0.8155
177.585 28.219 177.585 4.243 2.3007 -0.0075 -0.4322 -0.9017
307.395 28.219 176.51 6.9791 2.3007 -0.0075 -0.4322 -0.9017
191 0 191 4.5258 2.8955 -0.0075 -0.4322 -0.9017
300.918 0 190 6.8426 2.8955 -0.0082 -0.4297 -0.9029
191 0 191 4.5258 2.8955 -0.0082 -0.4297 -0.9029
307.395 28.219 176.51 6.9791 2.3007 -0.0082 -0.4297 -0.9029
-53.252 193.249 669.27 14.5119 -1.1664 0.6015 -0.7989 -0.0015
-54.7513 193.249 54.7514 1.6463 -1.1664 0.6015 -0.7989 -0.0015
-35.9273 206.287 672.263 14.5745 -1.4394 0.6015 -0.7989 -0.0015
-37.5404 206.287 37.5406 1.286 -1.4394 0.6029 -0.7978 -0.0015
-35.9273 206.287 672.263 14.5745 -1.4394 0.6029 -0.7978 -0.0015
-54.7513 193.249 54.7514 1.6463 -1.1664 0.6029 -0.7978 -0.0015
-118.29 124.228 653.429 14.1802 0.2786 0.7851 -0.6194 -0.0018
-119.512 124.228 119.513 3.0021 0.2786 0.7851 -0.6194 -0.0018
-102.67 144.013 657.97 14.2753 -0.1356 0.7851 -0.6194 -0.0018
-103.944 144.013 103.944 2.6762 -0.1356 0.7852 -0.6193 -0.0018
-102.67 144.013 657.97 14.2753 -0.1356 0.7852 -0.6193 -0.0018
-119.512 124.228 119.513 3.0021 0.2786 0.7852 -0.6193 -0.0018
-176.51 28.219 631.394 13.7189 2.2886 0.8858 -0.4641 -0.0021
-177.585 28.219 177.585 4.2179 2.2886 0.8858 -0.4641 -0.0021
-162.594 54.7512 637.484 13.8464 1.7332 0.8858 -0.4641 -0.0021
-163.702 54.7512 163.702 3.9273 1.7332 0.8856 -0.4645 -0.0021
-162.594 54.7512 637.484 13.8464 1.7332 0.8856 -0.4645 -0.0021
-177.585 28.219 177.585 4.2179 2.2886 0.8856 -0.4645 -0.0021
-70.151 178.524 -665.891 -13.4411 -0.8582 0.6571 -0.7538 0.0016
-53.2524 193.249 -669.27 -13.5119 -1.1664 0.6571 -0.7538 0.0016
-71.5595 178.524 -71.5596 -0.9982 -0.8582 0.6571 -0.7538 0.0016
-54.7514 193.249 -54.7514 -0.6463 -1.1664 0.6581 -0.753 0.0016
-71.5595 178.524 -71.5596 -0.9982 -0.8582 0.6581 -0.753 0.0016
-53.2524 193.249 -669.27 -13.5119 -1.1664 0.6581 -0.753 0.0016
-133.484 102.756 -648.501 -13.0771 0.7281 0.8165 -0.5773 0.0019
-118.29 124.228 -653.429 -13.1802 0.2786 0.8165 -0.5773 0.0019
-134.663 102.756 -134.663 -2.3193 0.7281 0.8165 -0.5773 0.0019
-119.513 124.228 -119.513 -2.0021 0.2786 0.8165 -0.5774 0.0019
-134.663 102.756 -134.663 -2.3193 0.7281 0.8165 -0.5774 0.0019
-118.29 124.228 -653.429 -13.1802 0.2786 0.8165 -0.5774 0.0019
-190 0 -624.918 -12.5833 2.8794 0.9024 -0.4309 0.0021
-176.51 28.219 -631.394 -12.7189 2.2886 0.9024 -0.4309 0.0021
-191 0 -191 -3.4988 2.8794 0.9024 -0.4309 0.0021
-177.585 28.219 -177.585 -3.2179 2.2886 0.9027 -0.4302 0.0021
-191 0 -191 -3.4988 2.8794 0.9027 -0.4302 0.0021
-176.51 28.219 -631.394 -12.7189 2.2886 0.9027 -0.4302 0.0021
70.151 178.524 -665.891 -13.4411 -0.8582 -0.6571 -0.7538 0.0016
71.5598 178.524 -71.5596 -0.9982 -0.8582 -0.6571 -0.7538 0.0016
53.2524 193.249 -669.27 -13.5119 -1.1664 -0.6571 -0.7538 0.0016
54.7516 193.249 -54.7514 -0.6463 -1.1664 -0.6581 -0.753 0.0016
53.2524 193.249 -669.27 -13.5119 -1.1664 -0.6581 -0.753 0.0016
71.5598 178.524 -71.5596 -0.9982 -0.8582 -0.6581 -0.753 0.0016
133.484 102.756 -648.501 -13.0771 0.7281 -0.8165 -0.5773 0.0019
134.663 102.756 -134.663 -2.3193 0.7281 -0.8165 -0.5773 0.0019
118.29 124.228 -653.429 -13.1802 0.2786 -0.8165 -0.5773 0.0019
119.513 124.228 -119.513 -2.0021 0.2786 -0.8165 -0.5774 0.0019
118.29 124.228 -653.429 -13.1802 0.2786 -0.8165 -0.5774 0.0019
134.663 102.756 -134.663 -2.3193 0.7281 -0.8165 -0.5774 0.0019
190 0 -624.918 -12.5833 2.8794 -0.9024 -0.4309 0.0021
191 0 -191 -3.4988 2.8794 -0.9024 -0.4309 0.0021
176.51 28.219 -631.394 -12.7189 2.2886 -0.9024 -0.4309 0.0021
177.585 28.219 -177.585 -3.2179 2.2886 -0.9027 -0.4302 0.0021
176.51 28.219 -631.394 -12.7189 2.2886 -0.9027 -0.4302 0.0021
191 0 -191 -3.4988 2.8794 -0.9027 -0.4302 0.0021
70.1514 178.524 665.891 14.4411 -0.8582 -0.6571 -0.7538 -0.0016
53.2528 193.249 669.27 14.5119 -1.1664 -0.6571 -0.7538 -0.0016
71.5598 178.524 71.5596 1.9982 -0.8582 -0.6571 -0.7538 -0.0016
54.7516 193.249 54.7514 1.6463 -1.1664 -0.6581 -0.753 -0.0016
71.5598 178.524 71.5596 1.9982 -0.8582 -0.6581 -0.753 -0.0016
53.2528 193.249 669.27 14.5119 -1.1664 -0.6581 -0.753 -0.0016
133.485 102.756 648.501 14.0771 0.7281 -0.8165 -0.5773 -0.0019
118.291 124.228 653.429 14.1802 0.2786 -0.8165 -0.5773 -0.0019
134.663 102.756 134.663 3.3193 0.7281 -0.8165 -0.5773 -0.0019
119.513 124.228 119.513 3.0021 0.2786 -0.8165 -0.5774 -0.0019
134.663 102.756 134.663 3.3193 0.7281 -0.8165 -0.5774 -0.0019
118.291 124.228 653.429 14.1802 0.2786 -0.8165 -0.5774 -0.0019
190 -0 624.918 13.5833 2.8794 -0.9024 -0.4309 -0.0021
176.511 28.219 631.394 13.7189 2.2886 -0.9024 -0.4309 -0.0021
191 0 191 4.4988 2.8794 -0.9024 -0.4309 -0.0021
177.585 28.219 177.585 4.2179 2.2886 -0.9027 -0.4302 -0.0021
191 0 191 4.4988 2.8794 -0.9027 -0.4302 -0.0021
176.511 28.219 631.394 13.7189 2.2886 -0.9027 -0.4302 -0.0021
-348.263 206.287 35.9281 -6.8405 -1.4525 0.0028 -0.8423 -0.539
-350.868 217.639 18.1772 -6.8954 -1.6918 0.0028 -0.8423 -0.539
-37.5404 206.287 37.5406 -0.2913 -1.4525 0.0028 -0.8423 -0.539
-19.9372 217.639 19.9374 0.0798 -1.6918 0.0029 -0.8417 -0.5399
-37.5404 206.287 37.5406 -0.2913 -1.4525 0.0029 -0.8417 -0.5399
-350.868 217.639 18.1772 -6.8954 -1.6918 0.0029 -0.8417 -0.5399
-333.97 144.013 102.67 -6.5392 -0.1399 0.0041 -0.6629 -0.7487
-338.124 162.112 86.6238 -6.6268 -0.5214 0.0041 -0.6629 -0.7487
-103.944 144.013 103.944 -1.6909 -0.1399 0.0041 -0.6629 -0.7487
-87.9584 162.112 87.9586 -1.3539 -0.5214 0.004 -0.664 -0.7478
-103.944 144.013 103.944 -1.6909 -0.1399 0.004 -0.664 -0.7478
-338.124 162.112 86.6238 -6.6268 -0.5214 0.004 -0.664 -0.7478
-313.484 54.7512 162.595 -6.1074 1.7415 0.0064 -0.4988 -0.8667
-319.186 79.5968 148.253 -6.2276 1.2178 0.0064 -0.4988 -0.8667
-163.702 54.7512 163.702 -2.9504 1.7415 0.0064 -0.4988 -0.8667
-149.393 79.5968 149.393 -2.6488 1.2178 0.0058 -0.5016 -0.8651
-163.702 54.7512 163.702 -2.9504 1.7415 0.0058 -0.5016 -0.8651
-319.186 79.5968 148.253 -6.2276 1.2178 0.0058 -0.5016 -0.8651
-345.27 193.249 -53.2521 -6.7774 -1.1777 0.0031 -0.7987 0.6017
-54.7514 193.249 -54.7514 -0.654 -1.1777 0.0031 -0.7987 0.6017
-348.263 206.287 -35.9274 -6.8405 -1.4525 0.0031 -0.7987 0.6017
-37.5405 206.287 -37.5405 -0.2913 -1.4525 0.0031 -0.7986 0.6019
-348.263 206.287 -35.9274 -6.8405 -1.4525 0.0031 -0.7986 0.6019
-54.7514 193.249 -54.7514 -0.654 -1.1777 0.0031 -0.7986 0.6019
-329.429 124.228 -118.29 -6.4435 0.2771 0.0046 -0.619 0.7854
-119.513 124.228 -119.513 -2.019 0.2771 0.0046 -0.619 0.7854
-333.97 144.013 -102.67 -6.5392 -0.1399 0.0046 -0.619 0.7854
-103.944 144.013 -103.944 -1.6909 -0.1399 0.0043 -0.6205 0.7842
-333.97 144.013 -102.67 -6.5392 -0.1399 0.0043 -0.6205 0.7842
-119.513 124.228 -119.513 -2.019 0.2771 0.0043 -0.6205 0.7842
-307.395 28.219 -176.51 -5.9791 2.3007 0.0073 -0.4631 0.8863
-177.585 28.219 -177.585 -3.243 2.3007 0.0073 -0.4631 0.8863
-313.484 54.7512 -162.594 -6.1074 1.7415 0.0073 -0.4631 0.8863
-163.702 54.7512 -163.702 -2.9504 1.7415 0.0065 -0.4663 0.8846
-313.484 54.7512 -162.594 -6.1074 1.7415 0.0065 -0.4663 0.8846
-177.585 28.219 -177.585 -3.243 2.3007 0.0065 -0.4663 0.8846
345.27 193.249 -53.2524 7.7774 -1.1777 -0.0031 -0.7987 0.6017
348.263 206.287 -35.9278 7.8405 -1.4525 -0.0031 -0.7987 0.6017
54.7516 193.249 -54.7514 1.654 -1.1777 -0.0031 -0.7987 0.6017
37.5407 206.287 -37.5405 1.2913 -1.4525 -0.0031 -0.7986 0.6019
54.7516 193.249 -54.7514 1.654 -1.1777 -0.0031 -0.7986 0.6019
348.263 206.287 -35.9278 7.8405 -1.4525 -0.0031 -0.7986 0.6019
329.429 124.228 -118.29 7.4435 0.2771 -0.0046 -0.619 0.7854
333.97 144.013 -102.67 7.5392 -0.1399 -0.0046 -0.619 0.7854
119.513 124.228 -119.513 3.019 0.2771 -0.0046 -0.619 0.7854
103.944 144.013 -103.944 2.6909 -0.1399 -0.0043 -0.6205 0.7842
119.513 124.228 -119.513 3.019 0.2771 -0.0043 -0.6205 0.7842
333.97 144.013 -102.67 7.5392 -0.1399 -0.0043 -0.6205 0.7842
307.395 28.219 -176.51 6.9791 2.3007 -0.0073 -0.4631 0.8863
313.484 54.7512 -162.594 7.1074 1.7415 -0.0073 -0.4631 0.8863
177.585 28.219 -177.585 4.243 2.3007 -0.0073 -0.4631 0.8863
163.702 54.7512 -163.702 3.9504 1.7415 -0.0065 -0.4663 0.8846
177.585 28.219 -177.585 4.243 2.3007 -0.0065 -0.4663 0.8846
313.484 54.7512 -162.594 7.1074 1.7415 -0.0065 -0.4663 0.8846
345.27 193.249 53.2523 7.7774 -1.1777 -0.0031 -0.7987 -0.6017
54.7516 193.249 54.7514 1.654 -1.1777 -0.0031 -0.7987 -0.6017
348.263 206.287 35.9276 7.8405 -1.4525 -0.0031 -0.7987 -0.6017
37.5407 206.287 37.5405 1.2913 -1.4525 -0.0031 -0.7986 -0.6019
348.263 206.287 35.9276 7.8405 -1.4525 -0.0031 -0.7986 -0.6019
54.7516 193.249 54.7514 1.654 -1.1777 -0.0031 -0.7986 -0.6019
329.429 124.228 118.29 7.4435 0.2771 -0.0046 -0.619 -0.7854
119.513 124.228 119.513 3.019 0.2771 -0.0046 -0.619 -0.7854
333.97 144.013 102.67 7.5392 -0.1399 -0.0046 -0.619 -0.7854
103.944 144.013 103.944 2.6909 -0.1399 -0.0043 -0.6205 -0.7842
333.97 144.013 102.67 7.5392 -0.1399 -0.0043 -0.6205 -0.7842
119.513 124.228 119.513 3.019 0.2771 -0.0043 -0.6205 -0.7842
307.395 28.219 176.51 6.9791 2.3007 -0.0073 -0.4631 -0.8863
177.585 28.219 177.585 4.243 2.3007 -0.0073 -0.4631 -0.8863
313.484 54.7512 162.594 7.1074 1.7415 -0.0073 -0.4631 -0.8863
163.702 54.7512 163.702 3.9504 1.7415 -0.0065 -0.4663 -0.8846
313.484 54.7512 162.594 7.1074 1.7415 -0.0065 -0.4663 -0.8846
177.585 28.219 177.585 4.243 2.3007 -0.0065 -0.4663 -0.8846
-35.9273 206.287 672.263 14.5745 -1.4394 0.5389 -0.8424 -0.0014
-37.5404 206.287 37.5406 1.286 -1.4394 0.5389 -0.8424 -0.0014
-18.1765 217.639 674.868 14.6291 -1.6771 0.5389 -0.8424 -0.0014
-19.9372 217.639 19.9374 0.9174 -1.6771 0.5409 -0.8411 -0.0015
-18.1765 217.639 674.868 14.6291 -1.6771 0.5409 -0.8411 -0.0015
-37.5404 206.287 37.5406 1.286 -1.4394 0.5409 -0.8411 -0.0015
-102.67 144.013 657.97 14.2753 -0.1356 0.7485 -0.6632 -0.0017
-103.944 144.013 103.944 2.6762 -0.1356 0.7485 -0.6632 -0.0017
-86.6231 162.112 662.124 14.3623 -0.5146 0.7485 -0.6632 -0.0017
-87.9584 162.112 87.9586 2.3415 -0.5146 0.7487 -0.6629 -0.0017
-86.6231 162.112 662.124 14.3623 -0.5146 0.7487 -0.6629 -0.0017
-103.944 144.013 103.944 2.6762 -0.1356 0.7487 -0.6629 -0.0017
-162.594 54.7512 637.484 13.8464 1.7332 0.8663 -0.4996 -0.002
-163.702 54.7512 163.702 3.9273 1.7332 0.8663 -0.4996 -0.002
-148.252 79.5968 643.186 13.9658 1.213 0.8663 -0.4996 -0.002
-149.393 79.5968 149.393 3.6277 1.213 0.8661 -0.4999 -0.002
-148.252 79.5968 643.186 13.9658 1.213 0.8661 -0.4999 -0.002
-163.702 54.7512 163.702 3.9273 1.7332 0.8661 -0.4999 -0.002
-53.2524 193.249 -669.27 -13.5119 -1.1664 0.6015 -0.7989 0.0015
-35.9277 206.287 -672.263 -13.5745 -1.4394 0.6015 -0.7989 0.0015
-54.7514 193.249 -54.7514 -0.6463 -1.1664 0.6015 -0.7989 0.0015
-37.5405 206.287 -37.5405 -0.286 -1.4394 0.6029 -0.7978 0.0015
-54.7514 193.249 -54.7514 -0.6463 -1.1664 0.6029 -0.7978 0.0015
-35.9277 206.287 -672.263 -13.5745 -1.4394 0.6029 -0.7978 0.0015
-118.29 124.228 -653.429 -13.1802 0.2786 0.7851 -0.6194 0.0018
-102.67 144.013 -657.97 -13.2753 -0.1356 0.7851 -0.6194 0.0018
-119.513 124.228 -119.513 -2.0021 0.2786 0.7851 -0.6194 0.0018
-103.944 144.013 -103.944 -1.6762 -0.1356 0.7852 -0.6193 0.0018
-119.513 124.228 -119.513 -2.0021 0.2786 0.7852 -0.6193 0.0018
-102.67 144.013 -657.97 -13.2753 -0.1356 0.7852 -0.6193 0.0018
-176.51 28.219 -631.394 -12.7189 2.2886 0.8858 -0.4641 0.0021
-162.594 54.7512 -637.484 -12.8464 1.7332 0.8858 -0.4641 0.0021
-177.585 28.219 -177.585 -3.2179 2.2886 0.8858 -0.4641 0.0021
-163.702 54.7512 -163.702 -2.9273 1.7332 0.8856 -0.4645 0.0021
-177.585 28.219 -177.585 -3.2179 2.2886 0.8856 -0.4645 0.0021
-162.594 54.7512 -637.484 -12.8464 1.7332 0.8856 -0.4645 0.0021
53.2524 193.249 -669.27 -13.5119 -1.1664 -0.6015 -0.7989 0.0015
54.7516 193.249 -54.7514 -0.6463 -1.1664 -0.6015 -0.7989 0.0015
35.9277 206.287 -672.263 -13.5745 -1.4394 -0.6015 -0.7989 0.0015
37.5407 206.287 -37.5405 -0.286 -1.4394 -0.6029 -0.7978 0.0015
35.9277 206.287 -672.263 -13.5745 -1.4394 -0.6029 -0.7978 0.0015
54.7516 193.249 -54.7514 -0.6463 -1.1664 -0.6029 -0.7978 0.0015
118.29 124.228 -653.429 -13.1802 0.2786 -0.7851 -0.6194 0.0018
119.513 124.228 -119.513 -2.0021 0.2786 -0.7851 -0.6194 0.0018
102.67 144.013 -657.97 -13.2753 -0.1356 -0.7851 -0.6194 0.0018
103.944 144.013 -103.944 -1.6762 -0.1356 -0.7852 -0.6193 0.0018
102.67 144.013 -657.97 -13.2753 -0.1356 -0.7852 -0.6193 0.0018
119.513 124.228 -119.513 -2.0021 0.2786 -0.7852 -0.6193 0.0018
176.51 28.219 -631.394 -12.7189 2.2886 -0.8858 -0.4641 0.0021
177.585 28.219 -177.585 -3.2179 2.2886 -0.8858 -0.4641 0.0021
162.594 54.7512 -637.484 -12.8464 1.7332 -0.8858 -0.4641 0.0021
163.702 54.7512 -163.702 -2.9273 1.7332 -0.8856 -0.4645 0.0021
162.594 54.7512 -637.484 -12.8464 1.7332 -0.8856 -0.4645 0.0021
177.585 28.219 -177.585 -3.2179 2.2886 -0.8856 -0.4645 0.0021
53.2528 193.249 669.27 14.5119 -1.1664 -0.6015 -0.7989 -0.0015
35.9281 206.287 672.263 14.5745 -1.4394 -0.6015 -0.7989 -0.0015
54.7516 193.249 54.7514 1.6463 -1.1664 -0.6015 -0.7989 -0.0015
37.5407 206.287 37.5405 1.286 -1.4394 -0.6029 -0.7978 -0.0015
54.7516 193.249 54.7514 1.6463 -1.1664 -0.6029 -0.7978 -0.0015
35.9281 206.287 672.263 14.5745 -1.4394 -0.6029 -0.7978 -0.0015
118.291 124.228 653.429 14.1802 0.2786 -0.7851 -0.6194 -0.0018
102.67 144.013 657.97 14.2753 -0.1356 -0.7851 -0.6194 -0.0018
119.513 124.228 119.513 3.0021 0.2786 -0.7851 -0.6194 -0.0018
103.944 144.013 103.944 2.6762 -0.1356 -0.7852 -0.6193 -0.0018
119.513 124.228 119.513 3.0021 0.2786 -0.7852 -0.6193 -0.0018
102.67 144.013 657.97 14.2753 -0.1356 -0.7852 -0.6193 -0.0018
176.511 28.219 631.394 13.7189 2.2886 -0.8858 -0.4641 -0.0021
162.595 54.7512 637.484 13.8464 1.7332 -0.8858 -0.4641 -0.0021
177.585 28.219 177.585 4.2179 2.2886 -0.8858 -0.4641 -0.0021
163.702 54.7512 163.702 3.9273 1.7332 -0.8856 -0.4645 -0.0021
177.585 28.219 177.585 4.2179 2.2886 -0.8856 -0.4645 -0.0021
162.595 54.7512 637.484 13.8464 1.7332 -0.8856 -0.4645 -0.0021
0.0001 227.304 0.0001 0.5 -1.8955 -0 -0.8998 -0.4362
-19.9372 217.639 19.9374 0.0798 -1.6918 -0 -0.8998 -0.4362
-353.086 227.304 0.0004 -6.9422 -1.8955 -0 -0.8998 -0.4362
-350.868 217.639 18.1772 -6.8954 -1.6918 0.0025 -0.8828 -0.4697
-353.086 227.304 0.0004 -6.9422 -1.8955 0.0025 -0.8828 -0.4697
-19.9372 217.639 19.9374 0.0798 -1.6918 0.0025 -0.8828 -0.4697
-338.124 162.112 86.6238 -6.6268 -0.5214 0.0038 -0.708 -0.7062
-341.891 178.524 70.1512 -6.7062 -0.8673 0.0038 -0.708 -0.7062
-87.9584 162.112 87.9586 -1.3539 -0.5214 0.0038 -0.708 -0.7062
-71.5595 178.524 71.5597 -1.0083 -0.8673 0.0037 -0.7087 -0.7055
-87.9584 162.112 87.9586 -1.3539 -0.5214 0.0037 -0.7087 -0.7055
-341.891 178.524 70.1512 -6.7062 -0.8673 0.0037 -0.7087 -0.7055
-319.186 79.5968 148.253 -6.2276 1.2178 0.0057 -0.5367 -0.8437
-324.501 102.756 133.485 -6.3397 0.7297 0.0057 -0.5367 -0.8437
-149.393 79.5968 149.393 -2.6488 1.2178 0.0057 -0.5367 -0.8437
-134.663 102.756 134.663 -2.3383 0.7297 0.0052 -0.539 -0.8423
-149.393 79.5968 149.393 -2.6488 1.2178 0.0052 -0.539 -0.8423
-324.501 102.756 133.485 -6.3397 0.7297 0.0052 -0.539 -0.8423
-348.263 206.287 -35.9274 -6.8405 -1.4525 0.0028 -0.8423 0.539
-37.5405 206.287 -37.5405 -0.2913 -1.4525 0.0028 -0.8423 0.539
-350.868 217.639 -18.1765 -6.8954 -1.6918 0.0028 -0.8423 0.539
-19.9373 217.639 -19.9374 0.0798 -1.6918 0.0029 -0.8417 0.5399
-350.868 217.639 -18.1765 -6.8954 -1.6918 0.0029 -0.8417 0.5399
-37.5405 206.287 -37.5405 -0.2913 -1.4525 0.0029 -0.8417 0.5399
-333.97 144.013 -102.67 -6.5392 -0.1399 0.0041 -0.6629 0.7487
-103.944 144.013 -103.944 -1.6909 -0.1399 0.0041 -0.6629 0.7487
-338.124 162.112 -86.6232 -6.6268 -0.5214 0.0041 -0.6629 0.7487
-87.9585 162.112 -87.9586 -1.3539 -0.5214 0.004 -0.664 0.7478
-338.124 162.112 -86.6232 -6.6268 -0.5214 0.004 -0.664 0.7478
-103.944 144.013 -103.944 -1.6909 -0.1399 0.004 -0.664 0.7478
-313.484 54.7512 -162.594 -6.1074 1.7415 0.0064 -0.4988 0.8667
-163.702 54.7512 -163.702 -2.9504 1.7415 0.0064 -0.4988 0.8667
-319.186 79.5968 -148.252 -6.2276 1.2178 0.0064 -0.4988 0.8667
-149.393 79.5968 -149.393 -2.6488 1.2178 0.0058 -0.5016 0.8651
-319.186 79.5968 -148.252 -6.2276 1.2178 0.0058 -0.5016 0.8651
-163.702 54.7512 -163.702 -2.9504 1.7415 0.0058 -0.5016 0.8651
348.263 206.287 -35.9278 7.8405 -1.4525 -0.0028 -0.8423 0.539
350.868 217.639 -18.1769 7.8954 -1.6918 -0.0028 -0.8423 0.539
37.5407 206.287 -37.5405 1.2913 -1.4525 -0.0028 -0.8423 0.539
19.9375 217.639 -19.9374 0.9202 -1.6918 -0.0029 -0.8417 0.5399
37.5407 206.287 -37.5405 1.2913 -1.4525 -0.0029 -0.8417 0.5399
350.868 217.639 -18.1769 7.8954 -1.6918 -0.0029 -0.8417 0.5399
333.97 144.013 -102.67 7.5392 -0.1399 -0.0041 -0.6629 0.7487
338.124 162.112 -86.6236 7.6268 -0.5214 -0.0041 -0.6629 0.7487
103.944 144.013 -103.944 2.6909 -0.1399 -0.0041 -0.6629 0.7487
87.9587 162.112 -87.9586 2.3539 -0.5214 -0.004 -0.664 0.7478
103.944 144.013 -103.944 2.6909 -0.1399 -0.004 -0.664 0.7478
338.124 162.112 -86.6236 7.6268 -0.5214 -0.004 -0.664 0.7478
313.484 54.7512 -162.594 7.1074 1.7415 -0.0064 -0.4988 0.8667
319.186 79.5968 -148.252 7.2276 1.2178 -0.0064 -0.4988 0.8667
163.702 54.7512 -163.702 3.9504 1.7415 -0.0064 -0.4988 0.8667
149.393 79.5968 -149.393 3.6488 1.2178 -0.0058 -0.5016 0.8651
163.702 54.7512 -163.702 3.9504 1.7415 -0.0058 -0.5016 0.8651
319.186 79.5968 -148.252 7.2276 1.2178 -0.0058 -0.5016 0.8651
348.263 206.287 35.9276 7.8405 -1.4525 -0.0028 -0.8423 -0.5391
37.5407 206.287 37.5405 1.2913 -1.4525 -0.0028 -0.8423 -0.5391
350.868 217.639 18.1769 7.8954 -1.6918 -0.0028 -0.8423 -0.5391
19.9375 217.639 19.9374 0.9202 -1.6918 -0.0029 -0.8417 -0.5399
350.868 217.639 18.1769 7.8954 -1.6918 -0.0029 -0.8417 -0.5399
37.5407 206.287 37.5405 1.2913 -1.4525 -0.0029 -0.8417 -0.5399
333.97 144.013 102.67 7.5392 -0.1399 -0.0041 -0.6629 -0.7487
103.944 144.013 103.944 2.6909 -0.1399 -0.0041 -0.6629 -0.7487
338.124 162.112 86.6234 7.6268 -0.5214 -0.0041 -0.6629 -0.7487
87.9587 162.112 87.9586 2.3539 -0.5214 -0.004 -0.664 -0.7478
338.124 162.112 86.6234 7.6268 -0.5214 -0.004 -0.664 -0.7478
103.944 144.013 103.944 2.6909 -0.1399 -0.004 -0.664 -0.7478
313.484 54.7512 162.594 7.1074 1.7415 -0.0064 -0.4988 -0.8667
163.702 54.7512 163.702 3.9504 1.7415 -0.0064 -0.4988 -0.8667
319.186 79.5968 148.252 7.2276 1.2178 -0.0064 -0.4988 -0.8667
149.393 79.5968 149.393 3.6488 1.2178 -0.0058 -0.5016 -0.8651
319.186 79.5968 148.252 7.2276 1.2178 -0.0058 -0.5016 -0.8651
163.702 54.7512 163.702 3.9504 1.7415 -0.0058 -0.5016 -0.8651
0.0001 227.304 0.0001 0.5 -1.8955 0 -0.8998 0.4362
-353.086 227.304 0.0004 -6.9422 -1.8955 0 -0.8998 0.4362
-19.9373 217.639 -19.9374 0.0798 -1.6918 0 -0.8998 0.4362
-350.868 217.639 -18.1765 -6.8954 -1.6918 0.0025 -0.8828 0.4697
-19.9373 217.639 -19.9374 0.0798 -1.6918 0.0025 -0.8828 0.4697
-353.086 227.304 0.0004 -6.9422 -1.8955 0.0025 -0.8828 0.4697
-341.891 178.524 70.1512 -6.7062 -0.8673 0.0034 -0.7536 -0.6573
-345.27 193.249 53.2527 -6.7774 -1.1777 0.0034 -0.7536 -0.6573
-71.5595 178.524 71.5597 -1.0083 -0.8673 0.0034 -0.7536 -0.6573
-54.7513 193.249 54.7514 -0.654 -1.1777 0.0034 -0.7539 -0.657
-71.5595 178.524 71.5597 -1.0083 -0.8673 0.0034 -0.7539 -0.657
-345.27 193.249 53.2527 -6.7774 -1.1777 0.0034 -0.7539 -0.657
-324.501 102.756 133.485 -6.3397 0.7297 0.0051 -0.5768 -0.8168
-329.429 124.228 118.29 -6.4435 0.2771 0.0051 -0.5768 -0.8168
-134.663 102.756 134.663 -2.3383 0.7297 0.0051 -0.5768 -0.8168
-119.512 124.228 119.513 -2.019 0.2771 0.0047 -0.5787 -0.8155
-134.663 102.756 134.663 -2.3383 0.7297 0.0047 -0.5787 -0.8155
-329.429 124.228 118.29 -6.4435 0.2771 0.0047 -0.5787 -0.8155
-177.585 28.219 177.585 -3.243 2.3007 0.0075 -0.4322 -0.9017
-191 -0 191 -3.5258 2.8955 0.0075 -0.4322 -0.9017
-307.395 28.219 176.511 -5.9791 2.3007 0.0075 -0.4322 -0.9017
-300.918 -0 190 -5.8426 2.8955 0.0082 -0.4297 -0.9029
-307.395 28.219 176.511 -5.9791 2.3007 0.0082 -0.4297 -0.9029
-191 -0 191 -3.5258 2.8955 0.0082 -0.4297 -0.9029
-338.124 162.112 -86.6232 -6.6268 -0.5214 0.0038 -0.708 0.7062
-87.9585 162.112 -87.9586 -1.3539 -0.5214 0.0038 -0.708 0.7062
-341.891 178.524 -70.1506 -6.7062 -0.8673 0.0038 -0.708 0.7062
-71.5595 178.524 -71.5596 -1.0083 -0.8673 0.0037 -0.7087 0.7055
-341.891 178.524 -70.1506 -6.7062 -0.8673 0.0037 -0.7087 0.7055
-87.9585 162.112 -87.9586 -1.3539 -0.5214 0.0037 -0.7087 0.7055
-319.186 79.5968 -148.252 -6.2276 1.2178 0.0057 -0.5367 0.8437
-149.393 79.5968 -149.393 -2.6488 1.2178 0.0057 -0.5367 0.8437
-324.501 102.756 -133.484 -6.3397 0.7297 0.0057 -0.5367 0.8437
-134.663 102.756 -134.663 -2.3383 0.7297 0.0052 -0.539 0.8423
-324.501 102.756 -133.484 -6.3397 0.7297 0.0052 -0.539 0.8423
-149.393 79.5968 -149.393 -2.6488 1.2178 0.0052 -0.539 0.8423
0.0001 227.304 0.0001 0.5 -1.8955 0 -0.8998 0.4362
19.9375 217.639 -19.9374 0.9202 -1.6918 0 -0.8998 0.4362
353.086 227.304 -0.0001 7.9422 -1.8955 0 -0.8998 0.4362
350.868 217.639 -18.1769 7.8954 -1.6918 -0.0025 -0.8828 0.4697
353.086 227.304 -0.0001 7.9422 -1.8955 -0.0025 -0.8828 0.4697
19.9375 217.639 -19.9374 0.9202 -1.6918 -0.0025 -0.8828 0.4697
338.124 162.112 -86.6236 7.6268 -0.5214 -0.0038 -0.708 0.7062
341.891 178.524 -70.1511 7.7062 -0.8673 -0.0038 -0.708 0.7062
87.9587 162.112 -87.9586 2.3539 -0.5214 -0.0038 -0.708 0.7062
71.5598 178.524 -71.5596 2.0083 -0.8673 -0.0037 -0.7087 0.7055
87.9587 162.112 -87.9586 2.3539 -0.5214 -0.0037 -0.7087 0.7055
341.891 178.524 -70.1511 7.7062 -0.8673 -0.0037 -0.7087 0.7055
319.186 79.5968 -148.252 7.2276 1.2178 -0.0057 -0.5367 0.8437
324.501 102.756 -133.484 7.3397 0.7297 -0.0057 -0.5367 0.8437
149.393 79.5968 -149.393 3.6488 1.2178 -0.0057 -0.5367 0.8437
134.663 102.756 -134.663 3.3384 0.7297 -0.0052 -0.539 0.8423
149.393 79.5968 -149.393 3.6488 1.2178 -0.0052 -0.539 0.8423
324.501 102.756 -133.484 7.3397 0.7297 -0.0052 -0.539 0.8423
0.0001 227.304 0.0001 0.5 -1.8955 -0 -0.8998 -0.4362
353.086 227.304 -0.0001 7.9422 -1.8955 -0 -0.8998 -0.4362
19.9375 217.639 19.9374 0.9202 -1.6918 -0 -0.8998 -0.4362
350.868 217.639 18.1769 7.8954 -1.6918 -0.0025 -0.8828 -0.4697
19.9375 217.639 19.9374 0.9202 -1.6918 -0.0025 -0.8828 -0.4697
353.086 227.304 -0.0001 7.9422 -1.8955 -0.0025 -0.8828 -0.4697
338.124 162.112 86.6234 7.6268 -0.5214 -0.0038 -0.708 -0.7062
87.9587 162.112 87.9586 2.3539 -0.5214 -0.0038 -0.708 -0.7062
341.891 178.524 70.1509 7.7062 -0.8673 -0.0038 -0.708 -0.7062
71.5598 178.524 71.5596 2.0083 -0.8673 -0.0037 -0.7087 -0.7055
341.891 178.524 70.1509 7.7062 -0.8673 -0.0037 -0.7087 -0.7055
87.9587 162.112 87.9586 2.3539 -0.5214 -0.0037 -0.7087 -0.7055
319.186 79.5968 148.252 7.2276 1.2178 -0.0057 -0.5367 -0.8437
149.393 79.5968 149.393 3.6488 1.2178 -0.0057 -0.5367 -0.8437
324.501 102.756 133.484 7.3397 0.7297 -0.0057 -0.5367 -0.8437
134.663 102.756 134.663 3.3384 0.7297 -0.0052 -0.539 -0.8423
324.501 102.756 133.484 7.3397 0.7297 -0.0052 -0.539 -0.8423
149.393 79.5968 149.393 3.6488 1.2178 -0.0052 -0.539 -0.8423
0.0001 227.304 0.0001 0.5 -1.8794 0.4362 -0.8998 -0
0.0004 227.304 677.086 14.6755 -1.8794 0.4362 -0.8998 -0
-19.9372 217.639 19.9374 0.9174 -1.6771 0.4362 -0.8998 -0
-18.1765 217.639 674.868 14.6291 -1.6771 0.4696 -0.8829 -0.0013
-19.9372 217.639 19.9374 0.9174 -1.6771 0.4696 -0.8829 -0.0013
0.0004 227.304 677.086 14.6755 -1.8794 0.4696 -0.8829 -0.0013
-86.6231 162.112 662.124 14.3623 -0.5146 0.706 -0.7082 -0.0016
-87.9584 162.112 87.9586 2.3415 -0.5146 0.706 -0.7082 -0.0016
-70.1506 178.524 665.891 14.4411 -0.8582 0.706 -0.7082 -0.0016
-71.5595 178.524 71.5597 1.9982 -0.8582 0.7065 -0.7077 -0.0017
-70.1506 178.524 665.891 14.4411 -0.8582 0.7065 -0.7077 -0.0017
-87.9584 162.112 87.9586 2.3415 -0.5146 0.7065 -0.7077 -0.0017
-148.252 79.5968 643.186 13.9658 1.213 0.8434 -0.5374 -0.0019
-149.393 79.5968 149.393 3.6277 1.213 0.8434 -0.5374 -0.0019
-133.484 102.756 648.501 14.0771 0.7281 0.8434 -0.5374 -0.0019
-134.663 102.756 134.663 3.3193 0.7281 0.8432 -0.5376 -0.0019
-133.484 102.756 648.501 14.0771 0.7281 0.8432 -0.5376 -0.0019
-149.393 79.5968 149.393 3.6277 1.213 0.8432 -0.5376 -0.0019
-35.9277 206.287 -672.263 -13.5745 -1.4394 0.5389 -0.8424 0.0014
-18.1769 217.639 -674.868 -13.6291 -1.6771 0.5389 -0.8424 0.0014
-37.5405 206.287 -37.5405 -0.286 -1.4394 0.5389 -0.8424 0.0014
-19.9373 217.639 -19.9374 0.0826 -1.6771 0.5409 -0.8411 0.0015
-37.5405 206.287 -37.5405 -0.286 -1.4394 0.5409 -0.8411 0.0015
-18.1769 217.639 -674.868 -13.6291 -1.6771 0.5409 -0.8411 0.0015
-102.67 144.013 -657.97 -13.2753 -0.1356 0.7485 -0.6632 0.0017
-86.6235 162.112 -662.124 -13.3623 -0.5146 0.7485 -0.6632 0.0017
-103.944 144.013 -103.944 -1.6762 -0.1356 0.7485 -0.6632 0.0017
-87.9585 162.112 -87.9586 -1.3415 -0.5146 0.7487 -0.6629 0.0017
-103.944 144.013 -103.944 -1.6762 -0.1356 0.7487 -0.6629 0.0017
-86.6235 162.112 -662.124 -13.3623 -0.5146 0.7487 -0.6629 0.0017
-162.594 54.7512 -637.484 -12.8464 1.7332 0.8663 -0.4996 0.002
-148.252 79.5968 -643.186 -12.9658 1.213 0.8663 -0.4996 0.002
-163.702 54.7512 -163.702 -2.9273 1.7332 0.8663 -0.4996 0.002
-149.393 79.5968 -149.393 -2.6277 1.213 0.8661 -0.4999 0.002
-163.702 54.7512 -163.702 -2.9273 1.7332 0.8661 -0.4999 0.002
-148.252 79.5968 -643.186 -12.9658 1.213 0.8661 -0.4999 0.002
35.9277 206.287 -672.263 -13.5745 -1.4394 -0.5389 -0.8424 0.0014
37.5407 206.287 -37.5405 -0.286 -1.4394 -0.5389 -0.8424 0.0014
18.1769 217.639 -674.868 -13.6291 -1.6771 -0.5389 -0.8424 0.0014
19.9375 217.639 -19.9374 0.0826 -1.6771 -0.5409 -0.8411 0.0015
18.1769 217.639 -674.868 -13.6291 -1.6771 -0.5409 -0.8411 0.0015
37.5407 206.287 -37.5405 -0.286 -1.4394 -0.5409 -0.8411 0.0015
102.67 144.013 -657.97 -13.2753 -0.1356 -0.7485 -0.6632 0.0017
103.944 144.013 -103.944 -1.6762 -0.1356 -0.7485 -0.6632 0.0017
86.6235 162.112 -662.124 -13.3623 -0.5146 -0.7485 -0.6632 0.0017
87.9587 162.112 -87.9586 -1.3415 -0.5146 -0.7487 -0.6629 0.0017
86.6235 162.112 -662.124 -13.3623 -0.5146 -0.7487 -0.6629 0.0017
103.944 144.013 -103.944 -1.6762 -0.1356 -0.7487 -0.6629 0.0017
162.594 54.7512 -637.484 -12.8464 1.7332 -0.8663 -0.4996 0.002
163.702 54.7512 -163.702 -2.9273 1.7332 -0.8663 -0.4996 0.002
148.252 79.5968 -643.186 -12.9658 1.213 -0.8663 -0.4996 0.002
149.393 79.5968 -149.393 -2.6277 1.213 -0.8661 -0.4999 0.002
148.252 79.5968 -643.186 -12.9658 1.213 -0.8661 -0.4999 0.002
163.702 54.7512 -163.702 -2.9273 1.7332 -0.8661 -0.4999 0.002
35.9281 206.287 672.263 14.5745 -1.4394 -0.5389 -0.8424 -0.0014
18.1773 217.639 674.868 14.6291 -1.6771 -0.5389 -0.8424 -0.0014
37.5407 206.287 37.5405 1.286 -1.4394 -0.5389 -0.8424 -0.0014
19.9375 217.639 19.9374 0.9174 -1.6771 -0.5409 -0.8411 -0.0015
37.5407 206.287 37.5405 1.286 -1.4394 -0.5409 -0.8411 -0.0015
18.1773 217.639 674.868 14.6291 -1.6771 -0.5409 -0.8411 -0.0015
102.67 144.013 657.97 14.2753 -0.1356 -0.7485 -0.6632 -0.0017
86.6239 162.112 662.124 14.3623 -0.5146 -0.7485 -0.6632 -0.0017
103.944 144.013 103.944 2.6762 -0.1356 -0.7485 -0.6632 -0.0017
87.9587 162.112 87.9586 2.3415 -0.5146 -0.7487 -0.6629 -0.0017
103.944 144.013 103.944 2.6762 -0.1356 -0.7487 -0.6629 -0.0017
86.6239 162.112 662.124 14.3623 -0.5146 -0.7487 -0.6629 -0.0017
162.595 54.7512 637.484 13.8464 1.7332 -0.8663 -0.4996 -0.002
148.253 79.5968 643.186 13.9658 1.213 -0.8663 -0.4996 -0.002
163.702 54.7512 163.702 3.9273 1.7332 -0.8663 -0.4996 -0.002
149.393 79.5968 149.393 3.6277 1.213 -0.8661 -0.4999 -0.002
163.702 54.7512 163.702 3.9273 1.7332 -0.8661 -0.4999 -0.002
148.253 79.5968 643.186 13.9658 1.213 -0.8661 -0.4999 -0.002
0.0001 227.304 0.0001 0.5 -1.8794 0.4362 -0.8998 -0
-19.9373 217.639 -19.9374 0.0826 -1.6771 0.4362 -0.8998 -0
0 227.304 -677.086 -13.6755 -1.8794 0.4362 -0.8998 -0
-18.1769 217.639 -674.868 -13.6291 -1.6771 0.4696 -0.8829 0.0013
0 227.304 -677.086 -13.6755 -1.8794 0.4696 -0.8829 0.0013
-19.9373 217.639 -19.9374 0.0826 -1.6771 0.4696 -0.8829 0.0013
-70.1506 178.524 665.891 14.4411 -0.8582 0.6571 -0.7538 -0.0016
-71.5595 178.524 71.5597 1.9982 -0.8582 0.6571 -0.7538 -0.0016
-53.252 193.249 669.27 14.5119 -1.1664 0.6571 -0.7538 -0.0016
-54.7513 193.249 54.7514 1.6463 -1.1664 0.6581 -0.753 -0.0016
-53.252 193.249 669.27 14.5119 -1.1664 0.6581 -0.753 -0.0016
-71.5595 178.524 71.5597 1.9982 -0.8582 0.6581 -0.753 -0.0016
-133.484 102.756 648.501 14.0771 0.7281 0.8165 -0.5773 -0.0019
-134.663 102.756 134.663 3.3193 0.7281 0.8165 -0.5773 -0.0019
-118.29 124.228 653.429 14.1802 0.2786 0.8165 -0.5773 -0.0019
-119.512 124.228 119.513 3.0021 0.2786 0.8165 -0.5774 -0.0019
-118.29 124.228 653.429 14.1802 0.2786 0.8165 -0.5774 -0.0019
-134.663 102.756 134.663 3.3193 0.7281 0.8165 -0.5774 -0.0019
-190 -0 624.918 13.5833 2.8794 0.9024 -0.4309 -0.0021
-191 -0 191 4.4988 2.8794 0.9024 -0.4309 -0.0021
-176.51 28.219 631.394 13.7189 2.2886 0.9024 -0.4309 -0.0021
-177.585 28.219 177.585 4.2179 2.2886 0.9027 -0.4302 -0.0021
-176.51 28.219 631.394 13.7189 2.2886 0.9027 -0.4302 -0.0021
-191 -0 191 4.4988 2.8794 0.9027 -0.4302 -0.0021
-86.6235 162.112 -662.124 -13.3623 -0.5146 0.706 -0.7082 0.0016
-70.151 178.524 -665.891 -13.4411 -0.8582 0.706 -0.7082 0.0016
-87.9585 162.112 -87.9586 -1.3415 -0.5146 0.706 -0.7082 0.0016
-71.5595 178.524 -71.5596 -0.9982 -0.8582 0.7065 -0.7077 0.0017
-87.9585 162.112 -87.9586 -1.3415 -0.5146 0.7065 -0.7077 0.0017
-70.151 178.524 -665.891 -13.4411 -0.8582 0.7065 -0.7077 0.0017
-148.252 79.5968 -643.186 -12.9658 1.213 0.8434 -0.5374 0.0019
-133.484 102.756 -648.501 -13.0771 0.7281 0.8434 -0.5374 0.0019
-149.393 79.5968 -149.393 -2.6277 1.213 0.8434 -0.5374 0.0019
-134.663 102.756 -134.663 -2.3193 0.7281 0.8432 -0.5376 0.0019
-149.393 79.5968 -149.393 -2.6277 1.213 0.8432 -0.5376 0.0019
-133.484 102.756 -648.501 -13.0771 0.7281 0.8432 -0.5376 0.0019
0.0001 227.304 0.0001 0.5 -1.8794 -0.4362 -0.8998 0
0 227.304 -677.086 -13.6755 -1.8794 -0.4362 -0.8998 0
19.9375 217.639 -19.9374 0.0826 -1.6771 -0.4362 -0.8998 0
18.1769 217.639 -674.868 -13.6291 -1.6771 -0.4696 -0.8829 0.0013
19.9375 217.639 -19.9374 0.0826 -1.6771 -0.4696 -0.8829 0.0013
0 227.304 -677.086 -13.6755 -1.8794 -0.4696 -0.8829 0.0013
86.6235 162.112 -662.124 -13.3623 -0.5146 -0.706 -0.7082 0.0016
87.9587 162.112 -87.9586 -1.3415 -0.5146 -0.706 -0.7082 0.0016
70.151 178.524 -665.891 -13.4411 -0.8582 -0.706 -0.7082 0.0016
71.5598 178.524 -71.5596 -0.9982 -0.8582 -0.7065 -0.7077 0.0017
70.151 178.524 -665.891 -13.4411 -0.8582 -0.7065 -0.7077 0.0017
87.9587 162.112 -87.9586 -1.3415 -0.5146 -0.7065 -0.7077 0.0017
148.252 79.5968 -643.186 -12.9658 1.213 -0.8434 -0.5374 0.0019
149.393 79.5968 -149.393 -2.6277 1.213 -0.8434 -0.5374 0.0019
133.484 102.756 -648.501 -13.0771 0.7281 -0.8434 -0.5374 0.0019
134.663 102.756 -134.663 -2.3193 0.7281 -0.8432 -0.5376 0.0019
133.484 102.756 -648.501 -13.0771 0.7281 -0.8432 -0.5376 0.0019
149.393 79.5968 -149.393 -2.6277 1.213 -0.8432 -0.5376 0.0019
0.0001 227.304 0.0001 0.5 -1.8794 -0.4362 -0.8998 0
19.9375 217.639 19.9374 0.9174 -1.6771 -0.4362 -0.8998 0
0.0004 227.304 677.086 14.6755 -1.8794 -0.4362 -0.8998 0
18.1773 217.639 674.868 14.6291 -1.6771 -0.4696 -0.8829 -0.0013
0.0004 227.304 677.086 14.6755 -1.8794 -0.4696 -0.8829 -0.0013
19.9375 217.639 19.9374 0.9174 -1.6771 -0.4696 -0.8829 -0.0013
86.6239 162.112 662.124 14.3623 -0.5146 -0.706 -0.7082 -0.0016
70.1514 178.524 665.891 14.4411 -0.8582 -0.706 -0.7082 -0.0016
87.9587 162.112 87.9586 2.3415 -0.5146 -0.706 -0.7082 -0.0016
71.5598 178.524 71.5596 1.9982 -0.8582 -0.7065 -0.7077 -0.0017
87.9587 162.112 87.9586 2.3415 -0.5146 -0.7065 -0.7077 -0.0017
70.1514 178.524 665.891 14.4411 -0.8582 -0.7065 -0.7077 -0.0017
148.253 79.5968 643.186 13.9658 1.213 -0.8434 -0.5374 -0.0019
133.485 102.756 648.501 14.0771 0.7281 -0.8434 -0.5374 -0.0019
149.393 79.5968 149.393 3.6277 1.213 -0.8434 -0.5374 -0.0019
134.663 102.756 134.663 3.3193 0.7281 -0.8432 -0.5376 -0.0019
149.393 79.5968 149.393 3.6277 1.213 -0.8432 -0.5376 -0.0019
133.485 102.756 648.501 14.0771 0.7281 -0.8432 -0.5376 -0.0019
-345.27 193.249 53.2527 -6.7774 -1.1777 -0.9898 -0.0917 0.1092
-345.277 194.807 54.5073 -6.7774 -1.1777 -0.9898 -0.0921 0.1087
-348.269 207.933 37.0643 -6.8405 -1.4525 -0.9916 -0.0761 0.1046
-329.429 124.228 118.29 -6.4435 0.2771 -0.9836 -0.1469 0.1048
-329.439 125.429 119.889 -6.4435 0.2771 -0.9836 -0.1471 0.1044
-333.979 145.301 104.201 -6.5392 -0.1399 -0.9849 -0.1352 0.1078
-307.395 28.219 176.511 -5.9791 2.3007 -0.9796 -0.1826 0.0836
-307.41 29.1168 178.298 -5.9791 2.3007 -0.9796 -0.1828 0.0833
-313.497 55.7184 164.345 -6.1074 1.7415 -0.9804 -0.1755 0.0892
-345.27 193.249 -53.2521 -6.7774 -1.1777 -0.9898 -0.0922 -0.1088
-345.277 194.807 -54.5067 -6.7774 -1.1777 -0.9898 -0.0916 -0.1091
-341.898 179.991 -71.5099 -6.7062 -0.8673 -0.9881 -0.1071 -0.1108
-329.429 124.228 -118.29 -6.4435 0.2771 -0.9836 -0.1472 -0.1044
-329.439 125.429 -119.889 -6.4435 0.2771 -0.9836 -0.1469 -0.1048
-324.512 103.875 -135.142 -6.3397 0.7297 -0.9824 -0.1576 -0.1004
-300.918 -0 -190 -5.8426 2.8955 0.0006 -0.9017 -0.4324
-300.935 0.8595 -191.805 -5.8426 2.8955 0.0007 -0.9029 -0.4298
-192.179 1.1155 -192.169 -3.5258 2.8955 -0.0062 -0.7283 -0.6852
-307.395 28.219 -176.51 -5.9791 2.3007 -0.9796 -0.1829 -0.0834
-307.41 29.1168 -178.297 -5.9791 2.3007 -0.9796 -0.1827 -0.0836
-300.935 0.8595 -191.805 -5.8426 2.8955 -0.9792 -0.1865 -0.0801
341.891 178.524 -70.1511 7.7062 -0.8673 0.988 -0.1071 -0.1109
341.898 179.991 -71.5104 7.7062 -0.8673 0.9881 -0.1075 -0.1104
345.277 194.807 -54.507 7.7774 -1.1777 0.9898 -0.0921 -0.1087
324.501 102.756 -133.484 7.3397 0.7297 0.9824 -0.1576 -0.1004
324.512 103.875 -135.142 7.3397 0.7297 0.9824 -0.1578 -0.1
329.439 125.429 -119.889 7.4435 0.2771 0.9836 -0.1471 -0.1044
300.918 0 -190 6.8426 2.8955 0.9793 -0.1862 -0.0799
300.934 0.8595 -191.806 6.8426 2.8955 0.9793 -0.1863 -0.0798
307.41 29.1168 -178.297 6.9791 2.3007 0.9796 -0.1828 -0.0833
191 0 -191 4.5258 2.8955 0.0007 -0.7279 -0.6857
192.179 1.1155 -192.169 4.5258 2.8955 0.0006 -0.7237 -0.6901
300.934 0.8595 -191.806 6.8426 2.8955 0.0039 -0.9017 -0.4324
345.27 193.249 53.2523 7.7774 -1.1777 0.9898 -0.0922 0.1088
345.277 194.807 54.5069 7.7774 -1.1777 0.9898 -0.0916 0.1091
341.898 179.991 71.5103 7.7062 -0.8673 0.9881 -0.1071 0.1108
329.429 124.228 118.29 7.4435 0.2771 0.9836 -0.1472 0.1044
329.439 125.429 119.889 7.4435 0.2771 0.9836 -0.1469 0.1048
324.512 103.875 135.142 7.3397 0.7297 0.9824 -0.1576 0.1004
300.918 0 190 6.8426 2.8955 -0.0006 -0.9017 0.4324
300.934 0.8595 191.806 6.8426 2.8955 -0.0007 -0.9029 0.4298
192.179 1.1155 192.169 4.5258 2.8955 0.0062 -0.7283 0.6852
307.395 28.219 176.51 6.9791 2.3007 0.9796 -0.1829 0.0834
307.41 29.1168 178.297 6.9791 2.3007 0.9796 -0.1827 0.0836
300.934 0.8595 191.806 6.8426 2.8955 0.9792 -0.1865 0.0801
-35.9273 206.287 672.263 14.5745 -1.4394 -0.1055 -0.0749 0.9916
-37.0633 207.934 672.266 14.5745 -1.4394 -0.1058 -0.0743 0.9916
-54.5063 194.807 669.273 14.5119 -1.1664 -0.1102 -0.0903 0.9898
-102.67 144.013 657.97 14.2753 -0.1356 -0.1099 -0.1336 0.9849
-104.2 145.301 657.974 14.2753 -0.1356 -0.1102 -0.1332 0.9849
-119.888 125.43 653.433 14.1802 0.2786 -0.1072 -0.1451 0.9836
-162.594 54.7512 637.484 13.8464 1.7332 -0.0934 -0.1733 0.9804
-164.344 55.7196 637.488 13.8464 1.7332 -0.0937 -0.1731 0.9804
-178.296 29.1184 631.399 13.7189 2.2886 -0.0887 -0.1802 0.9796
-70.151 178.524 -665.891 -13.4411 -0.8582 -0.1122 -0.1057 -0.988
-71.51 179.991 -665.894 -13.4411 -0.8582 -0.1118 -0.1061 -0.9881
-54.5067 194.807 -669.273 -13.5119 -1.1664 -0.1099 -0.0908 -0.9898
-133.484 102.756 -648.501 -13.0771 0.7281 -0.1032 -0.1557 -0.9824
-135.141 103.876 -648.505 -13.0771 0.7281 -0.1028 -0.1559 -0.9824
-119.889 125.43 -653.433 -13.1802 0.2786 -0.1068 -0.1454 -0.9836
-190 0 -624.918 -12.5833 2.8794 -0.0856 -0.1836 -0.9793
-191.805 0.8618 -624.922 -12.5833 2.8794 -0.0854 -0.1836 -0.9793
-178.297 29.1184 -631.399 -12.7189 2.2886 -0.0884 -0.1803 -0.9796
-191 0 -191 -3.4988 2.8794 -0.6862 -0.7274 -0.0002
-192.179 1.1155 -192.169 -3.4988 2.8794 -0.6873 -0.7264 -0.0002
-191.805 0.8618 -624.922 -12.5833 2.8794 -0.4316 -0.9021 -0.001
53.2524 193.249 -669.27 -13.5119 -1.1664 0.1099 -0.0908 -0.9898
54.5067 194.807 -669.273 -13.5119 -1.1664 0.1102 -0.0903 -0.9898
71.51 179.991 -665.894 -13.4411 -0.8582 0.1122 -0.1057 -0.9881
118.29 124.228 -653.429 -13.1802 0.2786 0.1068 -0.1454 -0.9836
119.889 125.43 -653.433 -13.1802 0.2786 0.1072 -0.1451 -0.9836
135.141 103.876 -648.505 -13.0771 0.7281 0.1032 -0.1557 -0.9824
190 0 -624.918 -12.5833 2.8794 0.4316 -0.9021 0.0002
191.805 0.8618 -624.922 -12.5833 2.8794 0.4309 -0.9024 0.0002
192.179 1.1155 -192.169 -3.4988 2.8794 0.6861 -0.7275 -0.0016
176.51 28.219 -631.394 -12.7189 2.2886 0.0884 -0.1804 -0.9796
178.297 29.1184 -631.399 -12.7189 2.2886 0.0886 -0.1802 -0.9796
191.805 0.8618 -624.922 -12.5833 2.8794 0.0857 -0.1838 -0.9792
70.1514 178.524 665.891 14.4411 -0.8582 0.1122 -0.1057 0.988
71.5104 179.991 665.894 14.4411 -0.8582 0.1118 -0.1061 0.9881
54.5071 194.807 669.273 14.5119 -1.1664 0.1099 -0.0908 0.9898
133.485 102.756 648.501 14.0771 0.7281 0.1032 -0.1557 0.9824
135.142 103.876 648.505 14.0771 0.7281 0.1029 -0.1559 0.9824
119.889 125.43 653.433 14.1802 0.2786 0.1068 -0.1454 0.9836
190 -0 624.918 13.5833 2.8794 0.0856 -0.1836 0.9793
191.805 0.8618 624.922 13.5833 2.8794 0.0854 -0.1836 0.9793
178.297 29.1184 631.399 13.7189 2.2886 0.0884 -0.1803 0.9796
191 0 191 4.4988 2.8794 0.6862 -0.7274 0.0002
192.179 1.1155 192.169 4.4988 2.8794 0.6873 -0.7264 0.0002
191.805 0.8618 624.922 13.5833 2.8794 0.4316 -0.9021 0.001
-348.263 206.287 35.9281 -6.8405 -1.4525 -0.9916 -0.0757 0.105
-348.269 207.933 37.0643 -6.8405 -1.4525 -0.9916 -0.0761 0.1046
-350.873 219.369 19.1815 -6.8954 -1.6918 -0.9936 -0.059 0.0959
-333.97 144.013 102.67 -6.5392 -0.1399 -0.9849 -0.1349 0.1083
-333.979 145.301 104.201 -6.5392 -0.1399 -0.9849 -0.1352 0.1078
-338.132 163.488 88.0748 -6.6268 -0.5214 -0.9864 -0.122 0.11
-313.484 54.7512 162.595 -6.1074 1.7415 -0.9804 -0.1754 0.0895
-313.497 55.7184 164.345 -6.1074 1.7415 -0.9804 -0.1755 0.0892
-319.198 80.6377 149.96 -6.2276 1.2178 -0.9813 -0.1672 0.0948
-348.263 206.287 -35.9274 -6.8405 -1.4525 -0.9916 -0.0761 -0.1046
-348.269 207.933 -37.0635 -6.8405 -1.4525 -0.9916 -0.0756 -0.1049
-345.277 194.807 -54.5067 -6.7774 -1.1777 -0.9898 -0.0916 -0.1091
-333.97 144.013 -102.67 -6.5392 -0.1399 -0.9849 -0.1353 -0.1079
-333.979 145.301 -104.2 -6.5392 -0.1399 -0.9849 -0.1349 -0.1082
-329.439 125.429 -119.889 -6.4435 0.2771 -0.9836 -0.1469 -0.1048
-313.484 54.7512 -162.594 -6.1074 1.7415 -0.9804 -0.1756 -0.0892
-313.497 55.7184 -164.345 -6.1074 1.7415 -0.9804 -0.1754 -0.0895
-307.41 29.1168 -178.297 -5.9791 2.3007 -0.9796 -0.1827 -0.0836
345.27 193.249 -53.2524 7.7774 -1.1777 0.9898 -0.0917 -0.1092
345.277 194.807 -54.507 7.7774 -1.1777 0.9898 -0.0921 -0.1087
348.269 207.933 -37.064 7.8405 -1.4525 0.9916 -0.0761 -0.1046
329.429 124.228 -118.29 7.4435 0.2771 0.9836 -0.1469 -0.1048
329.439 125.429 -119.889 7.4435 0.2771 0.9836 -0.1471 -0.1044
333.979 145.301 -104.2 7.5392 -0.1399 0.9849 -0.1352 -0.1078
307.395 28.219 -176.51 6.9791 2.3007 0.9796 -0.1826 -0.0836
307.41 29.1168 -178.297 6.9791 2.3007 0.9796 -0.1828 -0.0833
313.497 55.7184 -164.345 7.1074 1.7415 0.9804 -0.1755 -0.0892
348.263 206.287 35.9276 7.8405 -1.4525 0.9916 -0.0761 0.1046
348.269 207.933 37.0638 7.8405 -1.4525 0.9916 -0.0756 0.1049
345.277 194.807 54.5069 7.7774 -1.1777 0.9898 -0.0916 0.1091
333.97 144.013 102.67 7.5392 -0.1399 0.9849 -0.1353 0.1079
333.979 145.301 104.2 7.5392 -0.1399 0.9849 -0.1349 0.1082
329.439 125.429 119.889 7.4435 0.2771 0.9836 -0.1469 0.1048
313.484 54.7512 162.594 7.1074 1.7415 0.9804 -0.1756 0.0892
313.497 55.7184 164.345 7.1074 1.7415 0.9804 -0.1754 0.0895
307.41 29.1168 178.297 6.9791 2.3007 0.9796 -0.1827 0.0836
-18.1765 217.639 674.868 14.6291 -1.6771 -0.0983 -0.0589 0.9934
-19.1806 219.369 674.871 14.6291 -1.6771 -0.099 -0.0572 0.9934
-37.0633 207.934 672.266 14.5745 -1.4394 -0.1058 -0.0743 0.9916
-86.6231 162.112 662.124 14.3623 -0.5146 -0.1117 -0.1205 0.9864
-88.0737 163.489 662.127 14.3623 -0.5146 -0.112 -0.1201 0.9864
-104.2 145.301 657.974 14.2753 -0.1356 -0.1102 -0.1332 0.9849
-148.252 79.5968 643.186 13.9658 1.213 -0.0984 -0.1652 0.9813
-149.959 80.6387 643.19 13.9658 1.213 -0.0987 -0.165 0.9814
-164.344 55.7196 637.488 13.8464 1.7332 -0.0937 -0.1731 0.9804
-53.2524 193.249 -669.27 -13.5119 -1.1664 -0.1103 -0.0903 -0.9898
-54.5067 194.807 -669.273 -13.5119 -1.1664 -0.1099 -0.0908 -0.9898
-37.0637 207.934 -672.266 -13.5745 -1.4394 -0.1055 -0.0748 -0.9916
-118.29 124.228 -653.429 -13.1802 0.2786 -0.1072 -0.1451 -0.9836
-119.889 125.43 -653.433 -13.1802 0.2786 -0.1068 -0.1454 -0.9836
-104.2 145.301 -657.974 -13.2753 -0.1356 -0.1098 -0.1335 -0.9849
-176.51 28.219 -631.394 -12.7189 2.2886 -0.0886 -0.1802 -0.9796
-178.297 29.1184 -631.399 -12.7189 2.2886 -0.0884 -0.1803 -0.9796
-164.344 55.7196 -637.488 -12.8464 1.7332 -0.0934 -0.1732 -0.9804
35.9277 206.287 -672.263 -13.5745 -1.4394 0.1055 -0.0749 -0.9916
37.0637 207.934 -672.266 -13.5745 -1.4394 0.1058 -0.0744 -0.9916
54.5067 194.807 -669.273 -13.5119 -1.1664 0.1102 -0.0903 -0.9898
102.67 144.013 -657.97 -13.2753 -0.1356 0.1099 -0.1336 -0.9849
104.2 145.301 -657.974 -13.2753 -0.1356 0.1102 -0.1332 -0.9849
119.889 125.43 -653.433 -13.1802 0.2786 0.1072 -0.1451 -0.9836
162.594 54.7512 -637.484 -12.8464 1.7332 0.0934 -0.1733 -0.9804
164.344 55.7196 -637.488 -12.8464 1.7332 0.0937 -0.1731 -0.9804
178.297 29.1184 -631.399 -12.7189 2.2886 0.0886 -0.1802 -0.9796
53.2528 193.249 669.27 14.5119 -1.1664 0.1103 -0.0904 0.9898
54.5071 194.807 669.273 14.5119 -1.1664 0.1099 -0.0908 0.9898
37.0641 207.934 672.266 14.5745 -1.4394 0.1055 -0.0748 0.9916
118.291 124.228 653.429 14.1802 0.2786 0.1072 -0.1451 0.9836
119.889 125.43 653.433 14.1802 0.2786 0.1068 -0.1454 0.9836
104.2 145.301 657.974 14.2753 -0.1356 0.1098 -0.1335 0.9849
176.511 28.219 631.394 13.7189 2.2886 0.0886 -0.1802 0.9796
178.297 29.1184 631.399 13.7189 2.2886 0.0884 -0.1803 0.9796
164.345 55.7196 637.488 13.8464 1.7332 0.0934 -0.1733 0.9804
-350.868 217.639 18.1772 -6.8954 -1.6918 -0.9936 -0.0575 0.0969
-350.873 219.369 19.1815 -6.8954 -1.6918 -0.9936 -0.059 0.0959
-353.092 229.304 0.0004 -6.9422 -1.8955 -1 -0.0049 0.0018
-338.124 162.112 86.6238 -6.6268 -0.5214 -0.9864 -0.1216 0.1104
-338.132 163.488 88.0748 -6.6268 -0.5214 -0.9864 -0.122 0.11
-341.898 179.991 71.5106 -6.7062 -0.8673 -0.9881 -0.1075 0.1104
-319.186 79.5968 148.253 -6.2276 1.2178 -0.9813 -0.167 0.0952
-319.198 80.6377 149.96 -6.2276 1.2178 -0.9813 -0.1672 0.0948
-324.512 103.875 135.142 -6.3397 0.7297 -0.9824 -0.1578 0.1
-350.868 217.639 -18.1765 -6.8954 -1.6918 -0.9934 -0.0601 -0.0976
-350.873 219.369 -19.1808 -6.8954 -1.6918 -0.9934 -0.0583 -0.0984
-348.269 207.933 -37.0635 -6.8405 -1.4525 -0.9916 -0.0756 -0.1049
-338.124 162.112 -86.6232 -6.6268 -0.5214 -0.9864 -0.122 -0.11
-338.132 163.488 -88.0742 -6.6268 -0.5214 -0.9864 -0.1216 -0.1104
-333.979 145.301 -104.2 -6.5392 -0.1399 -0.9849 -0.1349 -0.1082
-319.186 79.5968 -148.252 -6.2276 1.2178 -0.9813 -0.1673 -0.0949
-319.198 80.6377 -149.96 -6.2276 1.2178 -0.9813 -0.167 -0.0952
-313.497 55.7184 -164.345 -6.1074 1.7415 -0.9804 -0.1754 -0.0895
348.263 206.287 -35.9278 7.8405 -1.4525 0.9916 -0.0757 -0.105
348.269 207.933 -37.064 7.8405 -1.4525 0.9916 -0.0761 -0.1046
350.873 219.369 -19.1812 7.8954 -1.6918 0.9936 -0.059 -0.0959
333.97 144.013 -102.67 7.5392 -0.1399 0.9849 -0.1349 -0.1083
333.979 145.301 -104.2 7.5392 -0.1399 0.9849 -0.1352 -0.1078
338.132 163.488 -88.0746 7.6268 -0.5214 0.9864 -0.122 -0.11
313.484 54.7512 -162.594 7.1074 1.7415 0.9804 -0.1754 -0.0895
313.497 55.7184 -164.345 7.1074 1.7415 0.9804 -0.1755 -0.0892
319.198 80.6377 -149.96 7.2276 1.2178 0.9813 -0.1672 -0.0948
350.868 217.639 18.1769 7.8954 -1.6918 0.9934 -0.0601 0.0976
350.873 219.369 19.1812 7.8954 -1.6918 0.9934 -0.0583 0.0984
348.269 207.933 37.0638 7.8405 -1.4525 0.9916 -0.0756 0.1049
338.124 162.112 86.6234 7.6268 -0.5214 0.9864 -0.122 0.11
338.132 163.488 88.0744 7.6268 -0.5214 0.9864 -0.1216 0.1104
333.979 145.301 104.2 7.5392 -0.1399 0.9849 -0.1349 0.1082
319.186 79.5968 148.252 7.2276 1.2178 0.9813 -0.1673 0.0949
319.198 80.6377 149.96 7.2276 1.2178 0.9813 -0.167 0.0952
313.497 55.7184 164.345 7.1074 1.7415 0.9804 -0.1754 0.0895
-353.086 227.304 0.0004 -6.9422 -1.8955 -1 -0.004 0.0036
-353.092 229.304 0.0004 -6.9422 -1.8955 -1 -0.0049 0.0018
-350.873 219.369 -19.1808 -6.8954 -1.6918 -0.9934 -0.0583 -0.0984
-341.891 178.524 70.1512 -6.7062 -0.8673 -0.988 -0.1072 0.1109
-341.898 179.991 71.5106 -6.7062 -0.8673 -0.9881 -0.1075 0.1104
-345.277 194.807 54.5073 -6.7774 -1.1777 -0.9898 -0.0921 0.1087
-324.501 102.756 133.485 -6.3397 0.7297 -0.9824 -0.1576 0.1004
-324.512 103.875 135.142 -6.3397 0.7297 -0.9824 -0.1578 0.1
-329.439 125.429 119.889 -6.4435 0.2771 -0.9836 -0.1471 0.1044
-300.918 -0 190 -5.8426 2.8955 -0.9793 -0.1862 0.0799
-300.934 0.8595 191.806 -5.8426 2.8955 -0.9793 -0.1863 0.0798
-307.41 29.1168 178.298 -5.9791 2.3007 -0.9796 -0.1828 0.0833
-191 -0 191 -3.5258 2.8955 -0.0007 -0.7279 0.6857
-192.178 1.1155 192.169 -3.5258 2.8955 -0.0006 -0.7237 0.6901
-300.934 0.8595 191.806 -5.8426 2.8955 -0.0039 -0.9017 0.4324
-341.891 178.524 -70.1506 -6.7062 -0.8673 -0.988 -0.1076 -0.1105
-341.898 179.991 -71.5099 -6.7062 -0.8673 -0.9881 -0.1071 -0.1108
-338.132 163.488 -88.0742 -6.6268 -0.5214 -0.9864 -0.1216 -0.1104
-324.501 102.756 -133.484 -6.3397 0.7297 -0.9824 -0.1578 -0.1
-324.512 103.875 -135.142 -6.3397 0.7297 -0.9824 -0.1576 -0.1004
-319.198 80.6377 -149.96 -6.2276 1.2178 -0.9813 -0.167 -0.0952
350.868 217.639 -18.1769 7.8954 -1.6918 0.9936 -0.0575 -0.0969
350.873 219.369 -19.1812 7.8954 -1.6918 0.9936 -0.059 -0.0959
353.092 229.304 -0.0001 7.9422 -1.8955 1 -0.0049 -0.0018
338.124 162.112 -86.6236 7.6268 -0.5214 0.9864 -0.1216 -0.1104
338.132 163.488 -88.0746 7.6268 -0.5214 0.9864 -0.122 -0.11
341.898 179.991 -71.5104 7.7062 -0.8673 0.9881 -0.1075 -0.1104
319.186 79.5968 -148.252 7.2276 1.2178 0.9813 -0.167 -0.0952
319.198 80.6377 -149.96 7.2276 1.2178 0.9813 -0.1672 -0.0948
324.512 103.875 -135.142 7.3397 0.7297 0.9824 -0.1578 -0.1
353.086 227.304 -0.0001 7.9422 -1.8955 1 -0.004 -0.0036
353.092 229.304 -0.0001 7.9422 -1.8955 1 -0.0049 -0.0018
350.873 219.369 19.1812 7.8954 -1.6918 0.9934 -0.0583 0.0984
341.891 178.524 70.1509 7.7062 -0.8673 0.988 -0.1076 0.1105
341.898 179.991 71.5103 7.7062 -0.8673 0.9881 -0.1071 0.1108
338.132 163.488 88.0744 7.6268 -0.5214 0.9864 -0.1216 0.1104
324.501 102.756 133.484 7.3397 0.7297 0.9824 -0.1578 0.1
324.512 103.875 135.142 7.3397 0.7297 0.9824 -0.1576 0.1004
319.198 80.6377 149.96 7.2276 1.2178 0.9813 -0.167 0.0952
0.0004 227.304 677.086 14.6755 -1.8794 0.0037 -0.0027 1
0.0004 229.304 677.089 14.6755 -1.8794 0.0018 -0.0036 1
-19.1806 219.369 674.871 14.6291 -1.6771 -0.099 -0.0572 0.9934
-70.1506 178.524 665.891 14.4411 -0.8582 -0.1119 -0.1061 0.988
-71.5096 179.991 665.894 14.4411 -0.8582 -0.1122 -0.1056 0.9881
-88.0737 163.489 662.127 14.3623 -0.5146 -0.112 -0.1201 0.9864
-133.484 102.756 648.501 14.0771 0.7281 -0.1029 -0.1559 0.9824
-135.141 103.876 648.505 14.0771 0.7281 -0.1032 -0.1557 0.9824
-149.959 80.6387 643.19 13.9658 1.213 -0.0987 -0.165 0.9814
-35.9277 206.287 -672.263 -13.5745 -1.4394 -0.1059 -0.0744 -0.9916
-37.0637 207.934 -672.266 -13.5745 -1.4394 -0.1055 -0.0748 -0.9916
-19.181 219.369 -674.871 -13.6291 -1.6771 -0.0965 -0.0579 -0.9936
-102.67 144.013 -657.97 -13.2753 -0.1356 -0.1103 -0.1333 -0.9849
-104.2 145.301 -657.974 -13.2753 -0.1356 -0.1098 -0.1335 -0.9849
-88.0741 163.489 -662.127 -13.3623 -0.5146 -0.1116 -0.1204 -0.9864
-162.594 54.7512 -637.484 -12.8464 1.7332 -0.0937 -0.1731 -0.9804
-164.344 55.7196 -637.488 -12.8464 1.7332 -0.0934 -0.1732 -0.9804
-149.96 80.6387 -643.19 -12.9658 1.213 -0.0983 -0.1652 -0.9814
18.1769 217.639 -674.868 -13.6291 -1.6771 0.0983 -0.0589 -0.9934
19.181 219.369 -674.871 -13.6291 -1.6771 0.0991 -0.0572 -0.9934
37.0637 207.934 -672.266 -13.5745 -1.4394 0.1058 -0.0744 -0.9916
86.6235 162.112 -662.124 -13.3623 -0.5146 0.1117 -0.1205 -0.9864
88.0741 163.489 -662.127 -13.3623 -0.5146 0.112 -0.12 -0.9864
104.2 145.301 -657.974 -13.2753 -0.1356 0.1102 -0.1332 -0.9849
148.252 79.5968 -643.186 -12.9658 1.213 0.0983 -0.1652 -0.9813
149.96 80.6387 -643.19 -12.9658 1.213 0.0986 -0.165 -0.9814
164.344 55.7196 -637.488 -12.8464 1.7332 0.0937 -0.1731 -0.9804
35.9281 206.287 672.263 14.5745 -1.4394 0.1059 -0.0744 0.9916
37.0641 207.934 672.266 14.5745 -1.4394 0.1055 -0.0748 0.9916
19.1815 219.369 674.871 14.6291 -1.6771 0.0965 -0.0579 0.9936
102.67 144.013 657.97 14.2753 -0.1356 0.1102 -0.1333 0.9849
104.2 145.301 657.974 14.2753 -0.1356 0.1098 -0.1335 0.9849
88.0745 163.489 662.127 14.3623 -0.5146 0.1117 -0.1204 0.9864
162.595 54.7512 637.484 13.8464 1.7332 0.0937 -0.1731 0.9804
164.345 55.7196 637.488 13.8464 1.7332 0.0934 -0.1733 0.9804
149.96 80.6387 643.19 13.9658 1.213 0.0983 -0.1651 0.9814
-18.1769 217.639 -674.868 -13.6291 -1.6771 -0.0975 -0.0564 -0.9936
-19.181 219.369 -674.871 -13.6291 -1.6771 -0.0965 -0.0579 -0.9936
-0 229.304 -677.089 -13.6755 -1.8794 -0.0018 -0.0036 -1
-53.252 193.249 669.27 14.5119 -1.1664 -0.1099 -0.0908 0.9898
-54.5063 194.807 669.273 14.5119 -1.1664 -0.1102 -0.0903 0.9898
-71.5096 179.991 665.894 14.4411 -0.8582 -0.1122 -0.1056 0.9881
-118.29 124.228 653.429 14.1802 0.2786 -0.1068 -0.1454 0.9836
-119.888 125.43 653.433 14.1802 0.2786 -0.1072 -0.1451 0.9836
-135.141 103.876 648.505 14.0771 0.7281 -0.1032 -0.1557 0.9824
-190 -0 624.918 13.5833 2.8794 -0.4316 -0.9021 -0.0002
-191.804 0.8618 624.922 13.5833 2.8794 -0.4309 -0.9024 -0.0002
-192.178 1.1155 192.169 4.4988 2.8794 -0.6861 -0.7276 0.0016
-176.51 28.219 631.394 13.7189 2.2886 -0.0884 -0.1804 0.9796
-178.296 29.1184 631.399 13.7189 2.2886 -0.0887 -0.1802 0.9796
-191.804 0.8618 624.922 13.5833 2.8794 -0.0857 -0.1838 0.9792
-86.6235 162.112 -662.124 -13.3623 -0.5146 -0.1121 -0.1201 -0.9864
-88.0741 163.489 -662.127 -13.3623 -0.5146 -0.1116 -0.1204 -0.9864
-71.51 179.991 -665.894 -13.4411 -0.8582 -0.1118 -0.1061 -0.9881
-148.252 79.5968 -643.186 -12.9658 1.213 -0.0986 -0.165 -0.9814
-149.96 80.6387 -643.19 -12.9658 1.213 -0.0983 -0.1652 -0.9814
-135.141 103.876 -648.505 -13.0771 0.7281 -0.1028 -0.1559 -0.9824
0 227.304 -677.086 -13.6755 -1.8794 -0.0036 -0.0027 -1
-0 229.304 -677.089 -13.6755 -1.8794 -0.0018 -0.0036 -1
19.181 219.369 -674.871 -13.6291 -1.6771 0.0991 -0.0572 -0.9934
70.151 178.524 -665.891 -13.4411 -0.8582 0.1119 -0.1061 -0.988
71.51 179.991 -665.894 -13.4411 -0.8582 0.1122 -0.1057 -0.9881
88.0741 163.489 -662.127 -13.3623 -0.5146 0.112 -0.12 -0.9864
133.484 102.756 -648.501 -13.0771 0.7281 0.1029 -0.1559 -0.9824
135.141 103.876 -648.505 -13.0771 0.7281 0.1032 -0.1557 -0.9824
149.96 80.6387 -643.19 -12.9658 1.213 0.0986 -0.165 -0.9814
18.1773 217.639 674.868 14.6291 -1.6771 0.0975 -0.0564 0.9936
19.1815 219.369 674.871 14.6291 -1.6771 0.0965 -0.0579 0.9936
0.0004 229.304 677.089 14.6755 -1.8794 0.0018 -0.0036 1
86.6239 162.112 662.124 14.3623 -0.5146 0.1121 -0.1201 0.9864
88.0745 163.489 662.127 14.3623 -0.5146 0.1117 -0.1204 0.9864
71.5104 179.991 665.894 14.4411 -0.8582 0.1118 -0.1061 0.9881
148.253 79.5968 643.186 13.9658 1.213 0.0987 -0.165 0.9814
149.96 80.6387 643.19 13.9658 1.213 0.0983 -0.1651 0.9814
135.142 103.876 648.505 14.0771 0.7281 0.1029 -0.1559 0.9824
