Vertex Count: 2112

Data:

68.5958 87.3619 -592 0.7189 0.3569 0 0 1
70 80 -592 0.7091 0.4081 0 0 1
70 136 -592 0.7091 0.0186 0 0 1
64.1421 94.1421 -592 0.7499 0.3097 0 0 1
68.5958 87.3619 -592 0.7189 0.3569 0 0 1
70 136 -592 0.7091 0.0186 0 0 1
64.1421 94.1421 -592 0.7499 0.3097 0 0 1
70 136 -592 0.7091 0.0186 0 0 1
30 136 -592 0.9873 0.0186 0 0 1
57.3619 98.5958 -592 0.797 0.2788 0 0 1
64.1421 94.1421 -592 0.7499 0.3097 0 0 1
30 136 -592 0.9873 0.0186 0 0 1
50 100 -592 0.8482 0.269 0 0 1
57.3619 98.5958 -592 0.797 0.2788 0 0 1
30 136 -592 0.9873 0.0186 0 0 1
42.6381 98.5958 -592 0.8994 0.2788 0 0 1
50 100 -592 0.8482 0.269 0 0 1
30 136 -592 0.9873 0.0186 0 0 1
35.8579 94.1421 -592 0.9466 0.3097 0 0 1
42.6381 98.5958 -592 0.8994 0.2788 0 0 1
30 136 -592 0.9873 0.0186 0 0 1
31.4042 87.3619 -592 0.9776 0.3569 0 0 1
35.8579 94.1421 -592 0.9466 0.3097 0 0 1
30 136 -592 0.9873 0.0186 0 0 1
30 80 -592 0.9873 0.4081 0 0 1
31.4042 87.3619 -592 0.9776 0.3569 0 0 1
30 136 -592 0.9873 0.0186 0 0 1
31.4042 87.3619 -600 0.9776 0.3569 0 0 -1
30 80 -600 0.9873 0.4081 0 0 -1
30 136 -600 0.9873 0.0186 0 0 -1
35.8579 94.1421 -600 0.9466 0.3097 0 0 -1
31.4042 87.3619 -600 0.9776 0.3569 0 0 -1
30 136 -600 0.9873 0.0186 0 0 -1
35.8579 94.1421 -600 0.9466 0.3097 0 0 -1
30 136 -600 0.9873 0.0186 0 0 -1
70 136 -600 0.7091 0.0186 0 0 -1
42.6381 98.5958 -600 0.8994 0.2788 0 0 -1
35.8579 94.1421 -600 0.9466 0.3097 0 0 -1
70 136 -600 0.7091 0.0186 0 0 -1
50 100 -600 0.8482 0.269 0 0 -1
42.6381 98.5958 -600 0.8994 0.2788 0 0 -1
70 136 -600 0.7091 0.0186 0 0 -1
57.3619 98.5958 -600 0.797 0.2788 0 0 -1
50 100 -600 0.8482 0.269 0 0 -1
70 136 -600 0.7091 0.0186 0 0 -1
64.1421 94.1421 -600 0.7499 0.3097 0 0 -1
57.3619 98.5958 -600 0.797 0.2788 0 0 -1
70 136 -600 0.7091 0.0186 0 0 -1
68.5958 87.3619 -600 0.7189 0.3569 0 0 -1
64.1421 94.1421 -600 0.7499 0.3097 0 0 -1
70 136 -600 0.7091 0.0186 0 0 -1
70 80 -600 0.7091 0.4081 0 0 -1
68.5958 87.3619 -600 0.7189 0.3569 0 0 -1
70 136 -600 0.7091 0.0186 0 0 -1
31.4046 87.3619 592 0.9776 0.3569 0 0 -1
30.0004 80 592 0.9873 0.4081 0 0 -1
30.0004 136 592 0.9873 0.0186 0 0 -1
35.8582 94.1421 592 0.9466 0.3097 0 0 -1
31.4046 87.3619 592 0.9776 0.3569 0 0 -1
30.0004 136 592 0.9873 0.0186 0 0 -1
35.8582 94.1421 592 0.9466 0.3097 0 0 -1
30.0004 136 592 0.9873 0.0186 0 0 -1
70.0004 136 592 0.7091 0.0186 0 0 -1
42.6385 98.5958 592 0.8994 0.2788 0 0 -1
35.8582 94.1421 592 0.9466 0.3097 0 0 -1
70.0004 136 592 0.7091 0.0186 0 0 -1
50.0004 100 592 0.8482 0.269 0 0 -1
42.6385 98.5958 592 0.8994 0.2788 0 0 -1
70.0004 136 592 0.7091 0.0186 0 0 -1
57.3623 98.5958 592 0.797 0.2788 0 0 -1
50.0004 100 592 0.8482 0.269 0 0 -1
70.0004 136 592 0.7091 0.0186 0 0 -1
64.1425 94.1421 592 0.7499 0.3097 0 0 -1
57.3623 98.5958 592 0.797 0.2788 0 0 -1
70.0004 136 592 0.7091 0.0186 0 0 -1
68.5962 87.3619 592 0.7189 0.3569 0 0 -1
64.1425 94.1421 592 0.7499 0.3097 0 0 -1
70.0004 136 592 0.7091 0.0186 0 0 -1
70.0004 136 592 0.7091 0.0186 0 0 -1
70.0004 80 592 0.7091 0.4081 0 0 -1
68.5962 87.3619 592 0.7189 0.3569 0 0 -1
68.5962 87.3619 600 0.7189 0.3569 0 0 1
70.0004 80 600 0.7091 0.4081 0 0 1
70.0004 136 600 0.7091 0.0186 0 0 1
64.1425 94.1421 600 0.7499 0.3097 0 0 1
68.5962 87.3619 600 0.7189 0.3569 0 0 1
70.0004 136 600 0.7091 0.0186 0 0 1
64.1425 94.1421 600 0.7499 0.3097 0 -0 1
70.0004 136 600 0.7091 0.0186 0 -0 1
30.0004 136 600 0.9873 0.0186 0 -0 1
57.3623 98.5958 600 0.797 0.2788 0 0 1
64.1425 94.1421 600 0.7499 0.3097 0 0 1
30.0004 136 600 0.9873 0.0186 0 0 1
50.0004 100 600 0.8482 0.269 0 0 1
57.3623 98.5958 600 0.797 0.2788 0 0 1
30.0004 136 600 0.9873 0.0186 0 0 1
42.6385 98.5958 600 0.8994 0.2788 0 0 1
50.0004 100 600 0.8482 0.269 0 0 1
30.0004 136 600 0.9873 0.0186 0 0 1
35.8583 94.1421 600 0.9466 0.3097 0 0 1
42.6385 98.5958 600 0.8994 0.2788 0 0 1
30.0004 136 600 0.9873 0.0186 0 0 1
31.4046 87.3619 600 0.9776 0.3569 0 0 1
35.8583 94.1421 600 0.9466 0.3097 0 0 1
30.0004 136 600 0.9873 0.0186 0 0 1
30.0004 136 600 0.9873 0.0186 0 0 1
30.0004 80 600 0.9873 0.4081 0 0 1
31.4046 87.3619 600 0.9776 0.3569 0 0 1
272.001 136 29.999 0.9873 0.0186 -1 0 0
272.001 80 29.999 0.9873 0.4081 -1 0 0
272.001 87.3619 31.4033 0.9776 0.3569 -1 0 0
272.001 136 29.999 0.9873 0.0186 -1 0 0
272.001 87.3619 31.4033 0.9776 0.3569 -1 0 0
272.001 94.1421 35.8569 0.9466 0.3097 -1 0 0
272.001 136 69.999 0.7091 0.0186 -1 0 0
272.001 136 29.999 0.9873 0.0186 -1 0 0
272.001 94.1421 35.8569 0.9466 0.3097 -1 0 0
272.001 136 69.999 0.7091 0.0186 -1 0 0
272.001 94.1421 35.8569 0.9466 0.3097 -1 0 0
272.001 98.5958 42.6371 0.8994 0.2788 -1 0 0
272.001 136 69.999 0.7091 0.0186 -1 0 0
272.001 98.5958 42.6371 0.8994 0.2788 -1 0 0
272.001 100 49.999 0.8482 0.269 -1 0 0
272.001 136 69.999 0.7091 0.0186 -1 0 0
272.001 100 49.999 0.8482 0.269 -1 0 0
272.001 98.5958 57.361 0.797 0.2788 -1 0 0
272.001 136 69.999 0.7091 0.0186 -1 0 0
272.001 98.5958 57.361 0.797 0.2788 -1 0 0
272.001 94.1421 64.1412 0.7499 0.3097 -1 0 0
272.001 136 69.999 0.7091 0.0186 -1 0 0
272.001 94.1421 64.1412 0.7499 0.3097 -1 0 0
272.001 87.3619 68.5948 0.7189 0.3569 -1 0 0
272.001 87.3619 68.5948 0.7189 0.3569 -1 0 0
272.001 80 69.999 0.7091 0.4081 -1 0 0
272.001 136 69.999 0.7091 0.0186 -1 0 0
280.001 87.3619 31.4033 0.9776 0.3569 1 0 0
280.001 80 29.999 0.9873 0.4081 1 0 0
280.001 136 29.999 0.9873 0.0186 1 0 0
280.001 94.1421 35.8569 0.9466 0.3097 1 0 0
280.001 87.3619 31.4033 0.9776 0.3569 1 0 0
280.001 136 29.999 0.9873 0.0186 1 0 0
280.001 94.1421 35.8569 0.9466 0.3097 1 0 0
280.001 136 29.999 0.9873 0.0186 1 0 0
280.001 136 69.999 0.7091 0.0186 1 0 0
280.001 98.5958 42.6371 0.8994 0.2788 1 0 0
280.001 94.1421 35.8569 0.9466 0.3097 1 0 0
280.001 136 69.999 0.7091 0.0186 1 0 0
280.001 100 49.999 0.8482 0.269 1 0 0
280.001 98.5958 42.6371 0.8994 0.2788 1 0 0
280.001 136 69.999 0.7091 0.0186 1 0 0
280.001 98.5958 57.361 0.797 0.2788 1 0 0
280.001 100 49.999 0.8482 0.269 1 0 0
280.001 136 69.999 0.7091 0.0186 1 0 0
280.001 94.1421 64.1412 0.7499 0.3097 1 0 0
280.001 98.5958 57.361 0.797 0.2788 1 0 0
280.001 136 69.999 0.7091 0.0186 1 0 0
280.001 87.3619 68.5948 0.7189 0.3569 1 0 0
280.001 94.1421 64.1412 0.7499 0.3097 1 0 0
280.001 136 69.999 0.7091 0.0186 1 0 0
280.001 80 69.999 0.7091 0.4081 1 0 0
280.001 87.3619 68.5948 0.7189 0.3569 1 0 0
280.001 136 69.999 0.7091 0.0186 1 0 0
-272.001 87.3619 31.4033 0.9776 0.3569 1 0 0
-272.001 80 29.999 0.9873 0.4081 1 0 0
-272.001 136 29.999 0.9873 0.0186 1 0 0
-272.001 94.1421 35.8569 0.9466 0.3097 1 0 0
-272.001 87.3619 31.4033 0.9776 0.3569 1 0 0
-272.001 136 29.999 0.9873 0.0186 1 0 0
-272.001 94.1421 35.8569 0.9466 0.3097 1 0 0
-272.001 136 29.999 0.9873 0.0186 1 0 0
-272.001 136 69.999 0.7091 0.0186 1 0 0
-272.001 98.5958 42.6371 0.8994 0.2788 1 0 0
-272.001 94.1421 35.8569 0.9466 0.3097 1 0 0
-272.001 136 69.999 0.7091 0.0186 1 0 0
-272.001 100 49.999 0.8482 0.269 1 0 0
-272.001 98.5958 42.6371 0.8994 0.2788 1 0 0
-272.001 136 69.999 0.7091 0.0186 1 0 0
-272.001 98.5958 57.361 0.797 0.2788 1 0 0
-272.001 100 49.999 0.8482 0.269 1 0 0
-272.001 136 69.999 0.7091 0.0186 1 0 0
-272.001 94.1421 64.1412 0.7499 0.3097 1 0 0
-272.001 98.5958 57.361 0.797 0.2788 1 0 0
-272.001 136 69.999 0.7091 0.0186 1 0 0
-272.001 87.3619 68.5948 0.7189 0.3569 1 0 0
-272.001 94.1421 64.1412 0.7499 0.3097 1 0 0
-272.001 136 69.999 0.7091 0.0186 1 0 0
-272.001 136 69.999 0.7091 0.0186 1 0 0
-272.001 80 69.999 0.7091 0.4081 1 0 0
-272.001 87.3619 68.5948 0.7189 0.3569 1 0 0
-280.001 136 29.999 0.9873 0.0186 -1 0 0
-280.001 80 29.999 0.9873 0.4081 -1 0 0
-280.001 87.3619 31.4033 0.9776 0.3569 -1 0 0
-280.001 136 29.999 0.9873 0.0186 -1 0 0
-280.001 87.3619 31.4033 0.9776 0.3569 -1 0 0
-280.001 94.1421 35.8569 0.9466 0.3097 -1 0 0
-280.001 136 69.999 0.7091 0.0186 -1 0 0
-280.001 136 29.999 0.9873 0.0186 -1 0 0
-280.001 94.1421 35.8569 0.9466 0.3097 -1 0 0
-280.001 136 69.999 0.7091 0.0186 -1 0 0
-280.001 94.1421 35.8569 0.9466 0.3097 -1 0 0
-280.001 98.5958 42.6371 0.8994 0.2788 -1 0 0
-280.001 136 69.999 0.7091 0.0186 -1 0 0
-280.001 98.5958 42.6371 0.8994 0.2788 -1 0 0
-280.001 100 49.999 0.8482 0.269 -1 0 0
-280.001 136 69.999 0.7091 0.0186 -1 0 0
-280.001 100 49.999 0.8482 0.269 -1 0 0
-280.001 98.5958 57.361 0.797 0.2788 -1 0 0
-280.001 136 69.999 0.7091 0.0186 -1 0 0
-280.001 98.5958 57.361 0.797 0.2788 -1 0 0
-280.001 94.1421 64.1412 0.7499 0.3097 -1 0 0
-280.001 136 69.999 0.7091 0.0186 -1 0 0
-280.001 94.1421 64.1412 0.7499 0.3097 -1 0 0
-280.001 87.3619 68.5948 0.7189 0.3569 -1 0 0
-280.001 87.3619 68.5948 0.7189 0.3569 -1 0 0
-280.001 80 69.999 0.7091 0.4081 -1 0 0
-280.001 136 69.999 0.7091 0.0186 -1 0 0
-31.4042 87.3619 -592 0.9776 0.3569 0 0 1
-30 80 -592 0.9873 0.4081 0 0 1
-30 136 -592 0.9873 0.0186 0 0 1
-35.8579 94.1421 -592 0.9466 0.3097 0 0 1
-31.4042 87.3619 -592 0.9776 0.3569 0 0 1
-30 136 -592 0.9873 0.0186 0 0 1
-35.8579 94.1421 -592 0.9466 0.3097 0 0 1
-30 136 -592 0.9873 0.0186 0 0 1
-70 136 -592 0.7091 0.0186 0 0 1
-42.6381 98.5958 -592 0.8994 0.2788 0 0 1
-35.8579 94.1421 -592 0.9466 0.3097 0 0 1
-70 136 -592 0.7091 0.0186 0 0 1
-50 100 -592 0.8482 0.269 0 0 1
-42.6381 98.5958 -592 0.8994 0.2788 0 0 1
-70 136 -592 0.7091 0.0186 0 0 1
-57.3619 98.5958 -592 0.797 0.2788 0 0 1
-50 100 -592 0.8482 0.269 0 0 1
-70 136 -592 0.7091 0.0186 0 0 1
-64.1421 94.1421 -592 0.7499 0.3097 0 0 1
-57.3619 98.5958 -592 0.797 0.2788 0 0 1
-70 136 -592 0.7091 0.0186 0 0 1
-68.5958 87.3619 -592 0.7189 0.3569 0 0 1
-64.1421 94.1421 -592 0.7499 0.3097 0 0 1
-70 136 -592 0.7091 0.0186 0 0 1
-70 80 -592 0.7091 0.4081 0 0 1
-68.5958 87.3619 -592 0.7189 0.3569 0 0 1
-70 136 -592 0.7091 0.0186 0 0 1
-68.5958 87.3619 -600 0.7189 0.3569 0 0 -1
-70 80 -600 0.7091 0.4081 0 0 -1
-70 136 -600 0.7091 0.0186 0 0 -1
-64.1421 94.1421 -600 0.7499 0.3097 0 0 -1
-68.5958 87.3619 -600 0.7189 0.3569 0 0 -1
-70 136 -600 0.7091 0.0186 0 0 -1
-64.1421 94.1421 -600 0.7499 0.3097 0 0 -1
-70 136 -600 0.7091 0.0186 0 0 -1
-30 136 -600 0.9873 0.0186 0 0 -1
-57.3619 98.5958 -600 0.797 0.2788 0 0 -1
-64.1421 94.1421 -600 0.7499 0.3097 0 0 -1
-30 136 -600 0.9873 0.0186 0 0 -1
-50 100 -600 0.8482 0.269 0 0 -1
-57.3619 98.5958 -600 0.797 0.2788 0 0 -1
-30 136 -600 0.9873 0.0186 0 0 -1
-42.6381 98.5958 -600 0.8994 0.2788 0 0 -1
-50 100 -600 0.8482 0.269 0 0 -1
-30 136 -600 0.9873 0.0186 0 0 -1
-35.8579 94.1421 -600 0.9466 0.3097 0 0 -1
-42.6381 98.5958 -600 0.8994 0.2788 0 0 -1
-30 136 -600 0.9873 0.0186 0 0 -1
-31.4042 87.3619 -600 0.9776 0.3569 0 0 -1
-35.8579 94.1421 -600 0.9466 0.3097 0 0 -1
-30 136 -600 0.9873 0.0186 0 0 -1
-30 80 -600 0.9873 0.4081 0 0 -1
-31.4042 87.3619 -600 0.9776 0.3569 0 0 -1
-30 136 -600 0.9873 0.0186 0 0 -1
-68.5954 87.3619 592 0.7189 0.3569 0 0 -1
-69.9996 80 592 0.7091 0.4081 0 0 -1
-69.9996 136 592 0.7091 0.0186 0 0 -1
-64.1417 94.1421 592 0.7499 0.3097 0 0 -1
-68.5954 87.3619 592 0.7189 0.3569 0 0 -1
-69.9996 136 592 0.7091 0.0186 0 0 -1
-64.1417 94.1421 592 0.7499 0.3097 0 0 -1
-69.9996 136 592 0.7091 0.0186 0 0 -1
-29.9996 136 592 0.9873 0.0186 0 0 -1
-57.3615 98.5958 592 0.797 0.2788 0 0 -1
-64.1417 94.1421 592 0.7499 0.3097 0 0 -1
-29.9996 136 592 0.9873 0.0186 0 0 -1
-49.9996 100 592 0.8482 0.269 0 0 -1
-57.3615 98.5958 592 0.797 0.2788 0 0 -1
-29.9996 136 592 0.9873 0.0186 0 0 -1
-42.6377 98.5958 592 0.8994 0.2788 0 0 -1
-49.9996 100 592 0.8482 0.269 0 0 -1
-29.9996 136 592 0.9873 0.0186 0 0 -1
-35.8575 94.1421 592 0.9466 0.3097 0 0 -1
-42.6377 98.5958 592 0.8994 0.2788 0 0 -1
-29.9996 136 592 0.9873 0.0186 0 0 -1
-31.4038 87.3619 592 0.9776 0.3569 0 0 -1
-35.8575 94.1421 592 0.9466 0.3097 0 0 -1
-29.9996 136 592 0.9873 0.0186 0 0 -1
-29.9996 136 592 0.9873 0.0186 0 0 -1
-29.9996 80 592 0.9873 0.4081 0 0 -1
-31.4038 87.3619 592 0.9776 0.3569 0 0 -1
-31.4038 87.3619 600 0.9776 0.3569 0 0 1
-29.9996 80 600 0.9873 0.4081 0 0 1
-29.9996 136 600 0.9873 0.0186 0 0 1
-35.8575 94.1421 600 0.9466 0.3097 0 0 1
-31.4038 87.3619 600 0.9776 0.3569 0 0 1
-29.9996 136 600 0.9873 0.0186 0 0 1
-35.8575 94.1421 600 0.9466 0.3097 0 -0 1
-29.9996 136 600 0.9873 0.0186 0 -0 1
-69.9996 136 600 0.7091 0.0186 0 -0 1
-42.6377 98.5958 600 0.8994 0.2788 -0 -0 1
-35.8575 94.1421 600 0.9466 0.3097 -0 -0 1
-69.9996 136 600 0.7091 0.0186 -0 -0 1
-49.9996 100 600 0.8482 0.269 -0 -0 1
-42.6377 98.5958 600 0.8994 0.2788 -0 -0 1
-69.9996 136 600 0.7091 0.0186 -0 -0 1
-57.3615 98.5958 600 0.797 0.2788 0 -0 1
-49.9996 100 600 0.8482 0.269 0 -0 1
-69.9996 136 600 0.7091 0.0186 0 -0 1
-64.1417 94.1421 600 0.7499 0.3097 0 0 1
-57.3615 98.5958 600 0.797 0.2788 0 0 1
-69.9996 136 600 0.7091 0.0186 0 0 1
-68.5954 87.3619 600 0.7189 0.3569 0 0 1
-64.1417 94.1421 600 0.7499 0.3097 0 0 1
-69.9996 136 600 0.7091 0.0186 0 0 1
-69.9996 136 600 0.7091 0.0186 0 0 1
-69.9996 80 600 0.7091 0.4081 0 0 1
-68.5954 87.3619 600 0.7189 0.3569 0 0 1
272.001 87.3619 -31.4052 0.9776 0.3569 -1 0 0
272.001 80 -30.001 0.9873 0.4081 -1 0 0
272.001 136 -30.001 0.9873 0.0186 -1 0 0
272.001 94.1421 -35.8588 0.9466 0.3097 -1 0 0
272.001 87.3619 -31.4052 0.9776 0.3569 -1 0 0
272.001 136 -30.001 0.9873 0.0186 -1 0 0
272.001 94.1421 -35.8588 0.9466 0.3097 -1 0 0
272.001 136 -30.001 0.9873 0.0186 -1 0 0
272.001 136 -70.001 0.7091 0.0186 -1 0 0
272.001 98.5958 -42.639 0.8994 0.2788 -1 0 0
272.001 94.1421 -35.8588 0.9466 0.3097 -1 0 0
272.001 136 -70.001 0.7091 0.0186 -1 0 0
272.001 100 -50.001 0.8482 0.269 -1 0 0
272.001 98.5958 -42.639 0.8994 0.2788 -1 0 0
272.001 136 -70.001 0.7091 0.0186 -1 0 0
272.001 98.5958 -57.3629 0.797 0.2788 -1 0 0
272.001 100 -50.001 0.8482 0.269 -1 0 0
272.001 136 -70.001 0.7091 0.0186 -1 0 0
272.001 94.1421 -64.1431 0.7499 0.3097 -1 0 0
272.001 98.5958 -57.3629 0.797 0.2788 -1 0 0
272.001 136 -70.001 0.7091 0.0186 -1 0 0
272.001 87.3619 -68.5967 0.7189 0.3569 -1 0 0
272.001 94.1421 -64.1431 0.7499 0.3097 -1 0 0
272.001 136 -70.001 0.7091 0.0186 -1 0 0
272.001 80 -70.001 0.7091 0.4081 -1 0 0
272.001 87.3619 -68.5967 0.7189 0.3569 -1 0 0
272.001 136 -70.001 0.7091 0.0186 -1 0 0
280.001 87.3619 -68.5967 0.7189 0.3569 1 0 0
280.001 80 -70.001 0.7091 0.4081 1 0 0
280.001 136 -70.001 0.7091 0.0186 1 0 0
280.001 94.1421 -64.1431 0.7499 0.3097 1 0 0
280.001 87.3619 -68.5967 0.7189 0.3569 1 0 0
280.001 136 -70.001 0.7091 0.0186 1 0 0
280.001 94.1421 -64.1431 0.7499 0.3097 1 0 0
280.001 136 -70.001 0.7091 0.0186 1 0 0
280.001 136 -30.001 0.9873 0.0186 1 0 0
280.001 98.5958 -57.3629 0.797 0.2788 1 0 0
280.001 94.1421 -64.1431 0.7499 0.3097 1 0 0
280.001 136 -30.001 0.9873 0.0186 1 0 0
280.001 100 -50.001 0.8482 0.269 1 0 0
280.001 98.5958 -57.3629 0.797 0.2788 1 0 0
280.001 136 -30.001 0.9873 0.0186 1 0 0
280.001 98.5958 -42.639 0.8994 0.2788 1 0 0
280.001 100 -50.001 0.8482 0.269 1 0 0
280.001 136 -30.001 0.9873 0.0186 1 0 0
280.001 94.1421 -35.8588 0.9466 0.3097 1 0 0
280.001 98.5958 -42.639 0.8994 0.2788 1 0 0
280.001 136 -30.001 0.9873 0.0186 1 0 0
280.001 87.3619 -31.4052 0.9776 0.3569 1 0 0
280.001 94.1421 -35.8588 0.9466 0.3097 1 0 0
280.001 136 -30.001 0.9873 0.0186 1 0 0
280.001 80 -30.001 0.9873 0.4081 1 0 0
280.001 87.3619 -31.4052 0.9776 0.3569 1 0 0
280.001 136 -30.001 0.9873 0.0186 1 0 0
-272.001 87.3619 -68.5967 0.7189 0.3569 1 0 0
-272.001 80 -70.001 0.7091 0.4081 1 0 0
-272.001 136 -70.001 0.7091 0.0186 1 0 0
-272.001 94.1421 -64.1431 0.7499 0.3097 1 0 0
-272.001 87.3619 -68.5967 0.7189 0.3569 1 0 0
-272.001 136 -70.001 0.7091 0.0186 1 0 0
-272.001 94.1421 -64.1431 0.7499 0.3097 1 0 0
-272.001 136 -70.001 0.7091 0.0186 1 0 0
-272.001 136 -30.001 0.9873 0.0186 1 0 0
-272.001 98.5958 -57.3629 0.797 0.2788 1 0 0
-272.001 94.1421 -64.1431 0.7499 0.3097 1 0 0
-272.001 136 -30.001 0.9873 0.0186 1 0 0
-272.001 100 -50.001 0.8482 0.269 1 0 0
-272.001 98.5958 -57.3629 0.797 0.2788 1 0 0
-272.001 136 -30.001 0.9873 0.0186 1 0 0
-272.001 98.5958 -42.639 0.8994 0.2788 1 0 0
-272.001 100 -50.001 0.8482 0.269 1 0 0
-272.001 136 -30.001 0.9873 0.0186 1 0 0
-272.001 94.1421 -35.8588 0.9466 0.3097 1 0 0
-272.001 98.5958 -42.639 0.8994 0.2788 1 0 0
-272.001 136 -30.001 0.9873 0.0186 1 0 0
-272.001 87.3619 -31.4052 0.9776 0.3569 1 0 0
-272.001 94.1421 -35.8588 0.9466 0.3097 1 0 0
-272.001 136 -30.001 0.9873 0.0186 1 0 0
-272.001 136 -30.001 0.9873 0.0186 1 0 0
-272.001 80 -30.001 0.9873 0.4081 1 0 0
-272.001 87.3619 -31.4052 0.9776 0.3569 1 0 0
-280.001 87.3619 -31.4052 0.9776 0.3569 -1 0 0
-280.001 80 -30.001 0.9873 0.4081 -1 0 0
-280.001 136 -30.001 0.9873 0.0186 -1 0 0
-280.001 94.1421 -35.8588 0.9466 0.3097 -1 0 0
-280.001 87.3619 -31.4052 0.9776 0.3569 -1 0 0
-280.001 136 -30.001 0.9873 0.0186 -1 0 0
-280.001 94.1421 -35.8588 0.9466 0.3097 -1 0 0
-280.001 136 -30.001 0.9873 0.0186 -1 0 0
-280.001 136 -70.001 0.7091 0.0186 -1 0 0
-280.001 98.5958 -42.639 0.8994 0.2788 -1 0 0
-280.001 94.1421 -35.8588 0.9466 0.3097 -1 0 0
-280.001 136 -70.001 0.7091 0.0186 -1 0 0
-280.001 100 -50.001 0.8482 0.269 -1 0 0
-280.001 98.5958 -42.639 0.8994 0.2788 -1 0 0
-280.001 136 -70.001 0.7091 0.0186 -1 0 0
-280.001 98.5958 -57.3629 0.797 0.2788 -1 0 0
-280.001 100 -50.001 0.8482 0.269 -1 0 0
-280.001 136 -70.001 0.7091 0.0186 -1 0 0
-280.001 94.1421 -64.1431 0.7499 0.3097 -1 0 0
-280.001 98.5958 -57.3629 0.797 0.2788 -1 0 0
-280.001 136 -70.001 0.7091 0.0186 -1 0 0
-280.001 87.3619 -68.5967 0.7189 0.3569 -1 0 0
-280.001 94.1421 -64.1431 0.7499 0.3097 -1 0 0
-280.001 136 -70.001 0.7091 0.0186 -1 0 0
-280.001 136 -70.001 0.7091 0.0186 -1 0 0
-280.001 80 -70.001 0.7091 0.4081 -1 0 0
-280.001 87.3619 -68.5967 0.7189 0.3569 -1 0 0
7.3619 168.957 -592 0.8468 0.3092 0 0 1
0 170.361 -592 0.9025 0.2986 0 0 1
0 100 -592 0.9025 0.8307 0 0 1
7.3619 168.957 -592 0.8468 0.3092 0 0 1
0 100 -592 0.9025 0.8307 0 0 1
7.3619 98.5958 -592 0.8468 0.8414 0 0 1
18.5958 157.723 -592 0.7619 0.3942 0 0 1
14.1421 164.504 -592 0.7956 0.3429 0 0 1
7.3619 168.957 -592 0.8468 0.3092 0 0 1
18.5958 157.723 -592 0.7619 0.3942 0 0 1
7.3619 168.957 -592 0.8468 0.3092 0 0 1
7.3619 98.5958 -592 0.8468 0.8414 0 0 1
18.5958 157.723 -592 0.7619 0.3942 0 0 1
7.3619 98.5958 -592 0.8468 0.8414 0 0 1
14.1421 94.1421 -592 0.7956 0.875 0 0 1
18.5958 157.723 -592 0.7619 0.3942 0 0 1
14.1421 94.1421 -592 0.7956 0.875 0 0 1
18.5958 87.3619 -592 0.7619 0.9263 0 0 1
20 150.361 -592 0.7513 0.4499 0 0 1
18.5958 157.723 -592 0.7619 0.3942 0 0 1
18.5958 87.3619 -592 0.7619 0.9263 0 0 1
18.5958 87.3619 -592 0.7619 0.9263 0 0 1
20 80 -592 0.7513 0.982 0 0 1
20 150.361 -592 0.7513 0.4499 0 0 1
0 100 -600 0.9025 0.8307 0 0 -1
0 170.361 -600 0.9025 0.2986 0 0 -1
7.3619 168.957 -600 0.8468 0.3092 0 0 -1
7.3619 98.5958 -600 0.8468 0.8414 0 0 -1
0 100 -600 0.9025 0.8307 0 0 -1
7.3619 168.957 -600 0.8468 0.3092 0 0 -1
7.3619 168.957 -600 0.8468 0.3092 0 0 -1
14.1421 164.504 -600 0.7956 0.3429 0 0 -1
18.5958 157.723 -600 0.7619 0.3942 0 0 -1
7.3619 98.5958 -600 0.8468 0.8414 0 0 -1
7.3619 168.957 -600 0.8468 0.3092 0 0 -1
18.5958 157.723 -600 0.7619 0.3942 0 0 -1
14.1421 94.1421 -600 0.7956 0.875 0 0 -1
7.3619 98.5958 -600 0.8468 0.8414 0 0 -1
18.5958 157.723 -600 0.7619 0.3942 0 0 -1
18.5958 87.3619 -600 0.7619 0.9263 0 0 -1
14.1421 94.1421 -600 0.7956 0.875 0 0 -1
18.5958 157.723 -600 0.7619 0.3942 0 0 -1
20 150.361 -600 0.7513 0.4499 0 0 -1
20 80 -600 0.7513 0.982 0 0 -1
18.5958 87.3619 -600 0.7619 0.9263 0 0 -1
18.5958 157.723 -600 0.7619 0.3942 0 0 -1
20 150.361 -600 0.7513 0.4499 0 0 -1
18.5958 87.3619 -600 0.7619 0.9263 0 0 -1
0.0004 100 592 0.9025 0.8307 0 0 -1
0.0004 170.361 592 0.9025 0.2986 0 0 -1
7.3623 168.957 592 0.8468 0.3092 0 0 -1
7.3623 98.5958 592 0.8468 0.8414 0 0 -1
0.0004 100 592 0.9025 0.8307 0 0 -1
7.3623 168.957 592 0.8468 0.3092 0 0 -1
7.3623 168.957 592 0.8468 0.3092 0 0 -1
14.1425 164.504 592 0.7956 0.3429 0 0 -1
18.5962 157.723 592 0.7619 0.3942 0 0 -1
7.3623 98.5958 592 0.8468 0.8414 0 0 -1
7.3623 168.957 592 0.8468 0.3092 0 0 -1
18.5962 157.723 592 0.7619 0.3942 0 0 -1
14.1425 94.1421 592 0.7956 0.875 0 0 -1
7.3623 98.5958 592 0.8468 0.8414 0 0 -1
18.5962 157.723 592 0.7619 0.3942 0 0 -1
18.5962 87.3619 592 0.7619 0.9263 0 0 -1
14.1425 94.1421 592 0.7956 0.875 0 0 -1
18.5962 157.723 592 0.7619 0.3942 0 0 -1
20.0004 150.361 592 0.7513 0.4499 0 0 -1
20.0004 80 592 0.7513 0.982 0 0 -1
18.5962 87.3619 592 0.7619 0.9263 0 0 -1
18.5962 157.723 592 0.7619 0.3942 0 0 -1
20.0004 150.361 592 0.7513 0.4499 0 0 -1
18.5962 87.3619 592 0.7619 0.9263 0 0 -1
7.3623 168.957 600 0.8468 0.3092 0 0 1
0.0004 170.361 600 0.9025 0.2986 0 0 1
0.0004 100 600 0.9025 0.8307 0 0 1
7.3623 168.957 600 0.8468 0.3092 0 0 1
0.0004 100 600 0.9025 0.8307 0 0 1
7.3623 98.5958 600 0.8468 0.8414 0 0 1
18.5962 157.723 600 0.7619 0.3942 0 0 1
14.1425 164.504 600 0.7956 0.3429 0 0 1
7.3623 168.957 600 0.8468 0.3092 0 0 1
18.5962 157.723 600 0.7619 0.3942 0 0 1
7.3623 168.957 600 0.8468 0.3092 0 0 1
7.3623 98.5958 600 0.8468 0.8414 0 0 1
18.5962 157.723 600 0.7619 0.3942 0 0 1
7.3623 98.5958 600 0.8468 0.8414 0 0 1
14.1425 94.1421 600 0.7956 0.875 0 0 1
18.5962 157.723 600 0.7619 0.3942 0 0 1
14.1425 94.1421 600 0.7956 0.875 0 0 1
18.5962 87.3619 600 0.7619 0.9263 0 0 1
20.0004 150.361 600 0.7513 0.4499 0 0 1
18.5962 157.723 600 0.7619 0.3942 0 0 1
18.5962 87.3619 600 0.7619 0.9263 0 0 1
18.5962 87.3619 600 0.7619 0.9263 0 0 1
20.0004 80 600 0.7513 0.982 0 0 1
20.0004 150.361 600 0.7513 0.4499 0 0 1
272.001 168.957 7.361 0.8468 0.3092 -1 0 0
272.001 170.361 -0.001 0.9025 0.2986 -1 0 0
272.001 100 -0.001 0.9025 0.8307 -1 0 0
272.001 168.957 7.361 0.8468 0.3092 -1 0 0
272.001 100 -0.001 0.9025 0.8307 -1 0 0
272.001 98.5958 7.361 0.8468 0.8414 -1 0 0
272.001 157.723 18.5948 0.7619 0.3942 -1 0 0
272.001 164.504 14.1412 0.7956 0.3429 -1 0 0
272.001 168.957 7.361 0.8468 0.3092 -1 0 0
272.001 157.723 18.5948 0.7619 0.3942 -1 0 0
272.001 168.957 7.361 0.8468 0.3092 -1 0 0
272.001 98.5958 7.361 0.8468 0.8414 -1 0 0
272.001 157.723 18.5948 0.7619 0.3942 -1 0 0
272.001 98.5958 7.361 0.8468 0.8414 -1 0 0
272.001 94.1421 14.1412 0.7956 0.875 -1 0 0
272.001 157.723 18.5948 0.7619 0.3942 -1 0 0
272.001 94.1421 14.1412 0.7956 0.875 -1 0 0
272.001 87.3619 18.5948 0.7619 0.9263 -1 0 0
272.001 150.361 19.999 0.7513 0.4499 -1 0 0
272.001 157.723 18.5948 0.7619 0.3942 -1 0 0
272.001 87.3619 18.5948 0.7619 0.9263 -1 0 0
272.001 87.3619 18.5948 0.7619 0.9263 -1 0 0
272.001 80 19.999 0.7513 0.982 -1 0 0
272.001 150.361 19.999 0.7513 0.4499 -1 0 0
280.001 100 -0.001 0.9025 0.8307 1 0 0
280.001 170.361 -0.001 0.9025 0.2986 1 0 0
280.001 168.957 7.361 0.8468 0.3092 1 0 0
280.001 98.5958 7.361 0.8468 0.8414 1 0 0
280.001 100 -0.001 0.9025 0.8307 1 0 0
280.001 168.957 7.361 0.8468 0.3092 1 0 0
280.001 168.957 7.361 0.8468 0.3092 1 0 0
280.001 164.504 14.1412 0.7956 0.3429 1 0 0
280.001 157.723 18.5948 0.7619 0.3942 1 0 0
280.001 98.5958 7.361 0.8468 0.8414 1 0 0
280.001 168.957 7.361 0.8468 0.3092 1 0 0
280.001 157.723 18.5948 0.7619 0.3942 1 0 0
280.001 94.1421 14.1412 0.7956 0.875 1 0 0
280.001 98.5958 7.361 0.8468 0.8414 1 0 0
280.001 157.723 18.5948 0.7619 0.3942 1 0 0
280.001 87.3619 18.5948 0.7619 0.9263 1 0 0
280.001 94.1421 14.1412 0.7956 0.875 1 0 0
280.001 157.723 18.5948 0.7619 0.3942 1 0 0
280.001 150.361 19.999 0.7513 0.4499 1 0 0
280.001 80 19.999 0.7513 0.982 1 0 0
280.001 87.3619 18.5948 0.7619 0.9263 1 0 0
280.001 157.723 18.5948 0.7619 0.3942 1 0 0
280.001 150.361 19.999 0.7513 0.4499 1 0 0
280.001 87.3619 18.5948 0.7619 0.9263 1 0 0
-272.001 100 -0.001 0.9025 0.8307 1 0 0
-272.001 170.361 -0.001 0.9025 0.2986 1 0 0
-272.001 168.957 7.361 0.8468 0.3092 1 0 0
-272.001 98.5958 7.361 0.8468 0.8414 1 0 0
-272.001 100 -0.001 0.9025 0.8307 1 0 0
-272.001 168.957 7.361 0.8468 0.3092 1 0 0
-272.001 168.957 7.361 0.8468 0.3092 1 0 0
-272.001 164.504 14.1412 0.7956 0.3429 1 0 0
-272.001 157.723 18.5948 0.7619 0.3942 1 0 0
-272.001 98.5958 7.361 0.8468 0.8414 1 0 0
-272.001 168.957 7.361 0.8468 0.3092 1 0 0
-272.001 157.723 18.5948 0.7619 0.3942 1 0 0
-272.001 94.1421 14.1412 0.7956 0.875 1 0 0
-272.001 98.5958 7.361 0.8468 0.8414 1 0 0
-272.001 157.723 18.5948 0.7619 0.3942 1 0 0
-272.001 87.3619 18.5948 0.7619 0.9263 1 0 0
-272.001 94.1421 14.1412 0.7956 0.875 1 0 0
-272.001 157.723 18.5948 0.7619 0.3942 1 0 0
-272.001 150.361 19.999 0.7513 0.4499 1 0 0
-272.001 80 19.999 0.7513 0.982 1 0 0
-272.001 87.3619 18.5948 0.7619 0.9263 1 0 0
-272.001 157.723 18.5948 0.7619 0.3942 1 0 0
-272.001 150.361 19.999 0.7513 0.4499 1 0 0
-272.001 87.3619 18.5948 0.7619 0.9263 1 0 0
-280.001 168.957 7.361 0.8468 0.3092 -1 0 0
-280.001 170.361 -0.001 0.9025 0.2986 -1 0 0
-280.001 100 -0.001 0.9025 0.8307 -1 0 0
-280.001 168.957 7.361 0.8468 0.3092 -1 0 0
-280.001 100 -0.001 0.9025 0.8307 -1 0 0
-280.001 98.5958 7.361 0.8468 0.8414 -1 0 0
-280.001 157.723 18.5948 0.7619 0.3942 -1 0 0
-280.001 164.504 14.1412 0.7956 0.3429 -1 0 0
-280.001 168.957 7.361 0.8468 0.3092 -1 0 0
-280.001 157.723 18.5948 0.7619 0.3942 -1 0 0
-280.001 168.957 7.361 0.8468 0.3092 -1 0 0
-280.001 98.5958 7.361 0.8468 0.8414 -1 0 0
-280.001 157.723 18.5948 0.7619 0.3942 -1 0 0
-280.001 98.5958 7.361 0.8468 0.8414 -1 0 0
-280.001 94.1421 14.1412 0.7956 0.875 -1 0 0
-280.001 157.723 18.5948 0.7619 0.3942 -1 0 0
-280.001 94.1421 14.1412 0.7956 0.875 -1 0 0
-280.001 87.3619 18.5948 0.7619 0.9263 -1 0 0
-280.001 150.361 19.999 0.7513 0.4499 -1 0 0
-280.001 157.723 18.5948 0.7619 0.3942 -1 0 0
-280.001 87.3619 18.5948 0.7619 0.9263 -1 0 0
-280.001 87.3619 18.5948 0.7619 0.9263 -1 0 0
-280.001 80 19.999 0.7513 0.982 -1 0 0
-280.001 150.361 19.999 0.7513 0.4499 -1 0 0
0 100 -592 0.9025 0.8307 0 0 1
0 170.361 -592 0.9025 0.2986 0 0 1
-7.3619 168.957 -592 0.8468 0.3092 0 0 1
-7.3619 98.5958 -592 0.8468 0.8414 0 0 1
0 100 -592 0.9025 0.8307 0 0 1
-7.3619 168.957 -592 0.8468 0.3092 0 0 1
-7.3619 168.957 -592 0.8468 0.3092 0 0 1
-14.1421 164.504 -592 0.7956 0.3429 0 0 1
-18.5958 157.723 -592 0.7619 0.3942 0 0 1
-7.3619 98.5958 -592 0.8468 0.8414 0 0 1
-7.3619 168.957 -592 0.8468 0.3092 0 0 1
-18.5958 157.723 -592 0.7619 0.3942 0 0 1
-14.1421 94.1421 -592 0.7956 0.875 0 0 1
-7.3619 98.5958 -592 0.8468 0.8414 0 0 1
-18.5958 157.723 -592 0.7619 0.3942 0 0 1
-18.5958 87.3619 -592 0.7619 0.9263 0 0 1
-14.1421 94.1421 -592 0.7956 0.875 0 0 1
-18.5958 157.723 -592 0.7619 0.3942 0 0 1
-20 150.361 -592 0.7513 0.4499 0 0 1
-20 80 -592 0.7513 0.982 0 0 1
-18.5958 87.3619 -592 0.7619 0.9263 0 0 1
-18.5958 157.723 -592 0.7619 0.3942 0 0 1
-20 150.361 -592 0.7513 0.4499 0 0 1
-18.5958 87.3619 -592 0.7619 0.9263 0 0 1
-7.3619 168.957 -600 0.8468 0.3092 0 0 -1
0 170.361 -600 0.9025 0.2986 0 0 -1
0 100 -600 0.9025 0.8307 0 0 -1
-7.3619 168.957 -600 0.8468 0.3092 0 0 -1
0 100 -600 0.9025 0.8307 0 0 -1
-7.3619 98.5958 -600 0.8468 0.8414 0 0 -1
-18.5958 157.723 -600 0.7619 0.3942 0 0 -1
-14.1421 164.504 -600 0.7956 0.3429 0 0 -1
-7.3619 168.957 -600 0.8468 0.3092 0 0 -1
-18.5958 157.723 -600 0.7619 0.3942 0 0 -1
-7.3619 168.957 -600 0.8468 0.3092 0 0 -1
-7.3619 98.5958 -600 0.8468 0.8414 0 0 -1
-18.5958 157.723 -600 0.7619 0.3942 0 0 -1
-7.3619 98.5958 -600 0.8468 0.8414 0 0 -1
-14.1421 94.1421 -600 0.7956 0.875 0 0 -1
-18.5958 157.723 -600 0.7619 0.3942 0 0 -1
-14.1421 94.1421 -600 0.7956 0.875 0 0 -1
-18.5958 87.3619 -600 0.7619 0.9263 0 0 -1
-20 150.361 -600 0.7513 0.4499 0 0 -1
-18.5958 157.723 -600 0.7619 0.3942 0 0 -1
-18.5958 87.3619 -600 0.7619 0.9263 0 0 -1
-18.5958 87.3619 -600 0.7619 0.9263 0 0 -1
-20 80 -600 0.7513 0.982 0 0 -1
-20 150.361 -600 0.7513 0.4499 0 0 -1
-7.3615 168.957 592 0.8468 0.3092 0 0 -1
0.0004 170.361 592 0.9025 0.2986 0 0 -1
0.0004 100 592 0.9025 0.8307 0 0 -1
-7.3615 168.957 592 0.8468 0.3092 0 0 -1
0.0004 100 592 0.9025 0.8307 0 0 -1
-7.3615 98.5958 592 0.8468 0.8414 0 0 -1
-18.5954 157.723 592 0.7619 0.3942 -0 0 -1
-14.1417 164.504 592 0.7956 0.3429 -0 0 -1
-7.3615 168.957 592 0.8468 0.3092 -0 0 -1
-18.5954 157.723 592 0.7619 0.3942 -0 0 -1
-7.3615 168.957 592 0.8468 0.3092 -0 0 -1
-7.3615 98.5958 592 0.8468 0.8414 -0 0 -1
-18.5954 157.723 592 0.7619 0.3942 -0 -0 -1
-7.3615 98.5958 592 0.8468 0.8414 -0 -0 -1
-14.1417 94.1421 592 0.7956 0.875 -0 -0 -1
-18.5954 157.723 592 0.7619 0.3942 0 0 -1
-14.1417 94.1421 592 0.7956 0.875 0 0 -1
-18.5954 87.3619 592 0.7619 0.9263 0 0 -1
-19.9996 150.361 592 0.7513 0.4499 0 0 -1
-18.5954 157.723 592 0.7619 0.3942 0 0 -1
-18.5954 87.3619 592 0.7619 0.9263 0 0 -1
-18.5954 87.3619 592 0.7619 0.9263 0 0 -1
-19.9996 80 592 0.7513 0.982 0 0 -1
-19.9996 150.361 592 0.7513 0.4499 0 0 -1
0.0004 100 600 0.9025 0.8307 0 0 1
0.0004 170.361 600 0.9025 0.2986 0 0 1
-7.3615 168.957 600 0.8468 0.3092 0 0 1
-7.3615 98.5958 600 0.8468 0.8414 0 0 1
0.0004 100 600 0.9025 0.8307 0 0 1
-7.3615 168.957 600 0.8468 0.3092 0 0 1
-7.3615 168.957 600 0.8468 0.3092 0 0 1
-14.1417 164.504 600 0.7956 0.3429 0 0 1
-18.5954 157.723 600 0.7619 0.3942 0 0 1
-7.3615 98.5958 600 0.8468 0.8414 0 0 1
-7.3615 168.957 600 0.8468 0.3092 0 0 1
-18.5954 157.723 600 0.7619 0.3942 0 0 1
-14.1417 94.1421 600 0.7956 0.875 0 0 1
-7.3615 98.5958 600 0.8468 0.8414 0 0 1
-18.5954 157.723 600 0.7619 0.3942 0 0 1
-18.5954 87.3619 600 0.7619 0.9263 0 0 1
-14.1417 94.1421 600 0.7956 0.875 0 0 1
-18.5954 157.723 600 0.7619 0.3942 0 0 1
-19.9996 150.361 600 0.7513 0.4499 0 0 1
-19.9996 80 600 0.7513 0.982 0 0 1
-18.5954 87.3619 600 0.7619 0.9263 0 0 1
-18.5954 157.723 600 0.7619 0.3942 0 0 1
-19.9996 150.361 600 0.7513 0.4499 0 0 1
-18.5954 87.3619 600 0.7619 0.9263 0 0 1
272.001 100 -0.001 0.9025 0.8307 -1 0 0
272.001 170.361 -0.001 0.9025 0.2986 -1 0 0
272.001 168.957 -7.3629 0.8468 0.3092 -1 0 0
272.001 98.5958 -7.3629 0.8468 0.8414 -1 0 0
272.001 100 -0.001 0.9025 0.8307 -1 0 0
272.001 168.957 -7.3629 0.8468 0.3092 -1 0 0
272.001 168.957 -7.3629 0.8468 0.3092 -1 0 0
272.001 164.504 -14.1431 0.7956 0.3429 -1 0 0
272.001 157.723 -18.5967 0.7619 0.3942 -1 0 0
272.001 98.5958 -7.3629 0.8468 0.8414 -1 0 0
272.001 168.957 -7.3629 0.8468 0.3092 -1 0 0
272.001 157.723 -18.5967 0.7619 0.3942 -1 0 0
272.001 94.1421 -14.1431 0.7956 0.875 -1 0 0
272.001 98.5958 -7.3629 0.8468 0.8414 -1 0 0
272.001 157.723 -18.5967 0.7619 0.3942 -1 0 0
272.001 87.3619 -18.5967 0.7619 0.9263 -1 0 0
272.001 94.1421 -14.1431 0.7956 0.875 -1 0 0
272.001 157.723 -18.5967 0.7619 0.3942 -1 0 0
272.001 150.361 -20.001 0.7513 0.4499 -1 0 0
272.001 80 -20.001 0.7513 0.982 -1 0 0
272.001 87.3619 -18.5967 0.7619 0.9263 -1 0 0
272.001 157.723 -18.5967 0.7619 0.3942 -1 0 0
272.001 150.361 -20.001 0.7513 0.4499 -1 0 0
272.001 87.3619 -18.5967 0.7619 0.9263 -1 0 0
280.001 168.957 -7.3629 0.8468 0.3092 1 0 0
280.001 170.361 -0.001 0.9025 0.2986 1 0 0
280.001 100 -0.001 0.9025 0.8307 1 0 0
280.001 168.957 -7.3629 0.8468 0.3092 1 0 0
280.001 100 -0.001 0.9025 0.8307 1 0 0
280.001 98.5958 -7.3629 0.8468 0.8414 1 0 0
280.001 157.723 -18.5967 0.7619 0.3942 1 0 0
280.001 164.504 -14.1431 0.7956 0.3429 1 0 0
280.001 168.957 -7.3629 0.8468 0.3092 1 0 0
280.001 157.723 -18.5967 0.7619 0.3942 1 0 0
280.001 168.957 -7.3629 0.8468 0.3092 1 0 0
280.001 98.5958 -7.3629 0.8468 0.8414 1 0 0
280.001 157.723 -18.5967 0.7619 0.3942 1 0 0
280.001 98.5958 -7.3629 0.8468 0.8414 1 0 0
280.001 94.1421 -14.1431 0.7956 0.875 1 0 0
280.001 157.723 -18.5967 0.7619 0.3942 1 0 0
280.001 94.1421 -14.1431 0.7956 0.875 1 0 0
280.001 87.3619 -18.5967 0.7619 0.9263 1 0 0
280.001 150.361 -20.001 0.7513 0.4499 1 0 0
280.001 157.723 -18.5967 0.7619 0.3942 1 0 0
280.001 87.3619 -18.5967 0.7619 0.9263 1 0 0
280.001 87.3619 -18.5967 0.7619 0.9263 1 0 0
280.001 80 -20.001 0.7513 0.982 1 0 0
280.001 150.361 -20.001 0.7513 0.4499 1 0 0
-272.001 168.957 -7.3629 0.8468 0.3092 1 0 0
-272.001 170.361 -0.001 0.9025 0.2986 1 0 0
-272.001 100 -0.001 0.9025 0.8307 1 0 0
-272.001 168.957 -7.3629 0.8468 0.3092 1 0 0
-272.001 100 -0.001 0.9025 0.8307 1 0 0
-272.001 98.5958 -7.3629 0.8468 0.8414 1 0 0
-272.001 157.723 -18.5967 0.7619 0.3942 1 0 0
-272.001 164.504 -14.1431 0.7956 0.3429 1 0 0
-272.001 168.957 -7.3629 0.8468 0.3092 1 0 0
-272.001 157.723 -18.5967 0.7619 0.3942 1 0 0
-272.001 168.957 -7.3629 0.8468 0.3092 1 0 0
-272.001 98.5958 -7.3629 0.8468 0.8414 1 0 0
-272.001 157.723 -18.5967 0.7619 0.3942 1 0 0
-272.001 98.5958 -7.3629 0.8468 0.8414 1 0 0
-272.001 94.1421 -14.1431 0.7956 0.875 1 0 0
-272.001 157.723 -18.5967 0.7619 0.3942 1 0 0
-272.001 94.1421 -14.1431 0.7956 0.875 1 0 0
-272.001 87.3619 -18.5967 0.7619 0.9263 1 0 0
-272.001 150.361 -20.001 0.7513 0.4499 1 0 0
-272.001 157.723 -18.5967 0.7619 0.3942 1 0 0
-272.001 87.3619 -18.5967 0.7619 0.9263 1 0 0
-272.001 87.3619 -18.5967 0.7619 0.9263 1 0 0
-272.001 80 -20.001 0.7513 0.982 1 0 0
-272.001 150.361 -20.001 0.7513 0.4499 1 0 0
-280.001 100 -0.001 0.9025 0.8307 -1 0 0
-280.001 170.361 -0.001 0.9025 0.2986 -1 0 0
-280.001 168.957 -7.3629 0.8468 0.3092 -1 0 0
-280.001 98.5958 -7.3629 0.8468 0.8414 -1 0 0
-280.001 100 -0.001 0.9025 0.8307 -1 0 0
-280.001 168.957 -7.3629 0.8468 0.3092 -1 0 0
-280.001 168.957 -7.3629 0.8468 0.3092 -1 0 0
-280.001 164.504 -14.1431 0.7956 0.3429 -1 0 0
-280.001 157.723 -18.5967 0.7619 0.3942 -1 0 0
-280.001 98.5958 -7.3629 0.8468 0.8414 -1 0 0
-280.001 168.957 -7.3629 0.8468 0.3092 -1 0 0
-280.001 157.723 -18.5967 0.7619 0.3942 -1 0 0
-280.001 94.1421 -14.1431 0.7956 0.875 -1 0 0
-280.001 98.5958 -7.3629 0.8468 0.8414 -1 0 0
-280.001 157.723 -18.5967 0.7619 0.3942 -1 0 0
-280.001 87.3619 -18.5967 0.7619 0.9263 -1 0 0
-280.001 94.1421 -14.1431 0.7956 0.875 -1 0 0
-280.001 157.723 -18.5967 0.7619 0.3942 -1 0 0
-280.001 150.361 -20.001 0.7513 0.4499 -1 0 0
-280.001 80 -20.001 0.7513 0.982 -1 0 0
-280.001 87.3619 -18.5967 0.7619 0.9263 -1 0 0
-280.001 157.723 -18.5967 0.7619 0.3942 -1 0 0
-280.001 150.361 -20.001 0.7513 0.4499 -1 0 0
-280.001 87.3619 -18.5967 0.7619 0.9263 -1 0 0
-170.982 10 -592 0.006 0.895 0 0 1
-70 10 -592 0.7091 0.895 0 0 1
-70 80 -592 0.7091 0.4081 0 0 1
-70 136 -592 0.7091 0.0186 0 0 1
-82.2134 136 -592 0.6242 0.0186 0 0 1
-83.2495 132.415 -592 0.6169 0.0435 0 0 1
-70 80 -592 0.7091 0.4081 0 0 1
-70 136 -592 0.7091 0.0186 0 0 1
-83.2495 132.415 -592 0.6169 0.0435 0 0 1
-170.982 10 -592 0.006 0.895 0 0 1
-70 80 -592 0.7091 0.4081 0 0 1
-83.2495 132.415 -592 0.6169 0.0435 0 0 1
-83.2495 132.415 -592 0.6169 0.0435 0 0 1
-91.0779 129.908 -592 0.5625 0.061 0 0 1
-99.9821 123.388 -592 0.5006 0.1063 0 0 1
-83.2495 132.415 -592 0.6169 0.0435 0 0 1
-99.9821 123.388 -592 0.5006 0.1063 0 0 1
-109.962 112.855 -592 0.4311 0.1796 0 0 1
-170.982 10 -592 0.006 0.895 0 0 1
-83.2495 132.415 -592 0.6169 0.0435 0 0 1
-109.962 112.855 -592 0.4311 0.1796 0 0 1
-109.962 112.855 -592 0.4311 0.1796 0 0 1
-121.018 98.3096 -592 0.3542 0.2807 0 0 1
-133.15 79.7513 -592 0.2698 0.4098 0 0 1
-170.982 10 -592 0.006 0.895 0 0 1
-109.962 112.855 -592 0.4311 0.1796 0 0 1
-133.15 79.7513 -592 0.2698 0.4098 0 0 1
-170.982 10 -592 0.006 0.895 0 0 1
-133.15 79.7513 -592 0.2698 0.4098 0 0 1
-146.357 57.1803 -592 0.178 0.5668 0 0 1
-146.357 57.1803 -592 0.178 0.5668 0 0 1
-160.641 30.5965 -592 0.0786 0.7517 0 0 1
-170.982 10 -592 0.006 0.895 0 0 1
-70 80 -600 0.7091 0.4081 0 0 -1
-70 10 -600 0.7091 0.895 0 0 -1
-170.982 10 -600 0.006 0.895 0 0 -1
-83.2495 132.415 -600 0.6169 0.0435 0 0 -1
-82.2134 136 -600 0.6242 0.0186 0 0 -1
-70 136 -600 0.7091 0.0186 0 0 -1
-83.2495 132.415 -600 0.6169 0.0435 0 0 -1
-70 136 -600 0.7091 0.0186 0 0 -1
-70 80 -600 0.7091 0.4081 0 0 -1
-83.2495 132.415 -600 0.6169 0.0435 0 0 -1
-70 80 -600 0.7091 0.4081 0 0 -1
-170.982 10 -600 0.006 0.895 0 0 -1
-99.9821 123.388 -600 0.5006 0.1063 0 0 -1
-91.0779 129.908 -600 0.5625 0.061 0 0 -1
-83.2495 132.415 -600 0.6169 0.0435 0 0 -1
-109.962 112.855 -600 0.4311 0.1796 0 0 -1
-99.9821 123.388 -600 0.5006 0.1063 0 0 -1
-83.2495 132.415 -600 0.6169 0.0435 0 0 -1
-109.962 112.855 -600 0.4311 0.1796 0 0 -1
-83.2495 132.415 -600 0.6169 0.0435 0 0 -1
-170.982 10 -600 0.006 0.895 0 0 -1
-133.15 79.7513 -600 0.2698 0.4098 0 0 -1
-121.018 98.3096 -600 0.3542 0.2807 0 0 -1
-109.962 112.855 -600 0.4311 0.1796 0 0 -1
-133.15 79.7513 -600 0.2698 0.4098 0 0 -1
-109.962 112.855 -600 0.4311 0.1796 0 0 -1
-170.982 10 -600 0.006 0.895 0 0 -1
-146.357 57.1803 -600 0.178 0.5668 0 0 -1
-133.15 79.7513 -600 0.2698 0.4098 0 0 -1
-170.982 10 -600 0.006 0.895 0 0 -1
-170.982 10 -600 0.006 0.895 0 0 -1
-160.641 30.5965 -600 0.0786 0.7517 0 0 -1
-146.357 57.1803 -600 0.178 0.5668 0 0 -1
-69.9996 80 592 0.7091 0.4081 0 0 -1
-69.9996 10 592 0.7091 0.895 0 0 -1
-170.982 10 592 0.006 0.895 0 0 -1
-83.2491 132.415 592 0.6169 0.0435 0 0 -1
-82.213 136 592 0.6242 0.0186 0 0 -1
-69.9996 136 592 0.7091 0.0186 0 0 -1
-83.2491 132.415 592 0.6169 0.0435 0 0 -1
-69.9996 136 592 0.7091 0.0186 0 0 -1
-69.9996 80 592 0.7091 0.4081 0 0 -1
-83.2491 132.415 592 0.6169 0.0435 0 0 -1
-69.9996 80 592 0.7091 0.4081 0 0 -1
-170.982 10 592 0.006 0.895 0 0 -1
-99.9817 123.388 592 0.5006 0.1063 0 0 -1
-91.0775 129.908 592 0.5625 0.061 0 0 -1
-83.2491 132.415 592 0.6169 0.0435 0 0 -1
-109.962 112.855 592 0.4311 0.1796 0 0 -1
-99.9817 123.388 592 0.5006 0.1063 0 0 -1
-83.2491 132.415 592 0.6169 0.0435 0 0 -1
-109.962 112.855 592 0.4311 0.1796 0 0 -1
-83.2491 132.415 592 0.6169 0.0435 0 0 -1
-170.982 10 592 0.006 0.895 0 0 -1
-133.149 79.7513 592 0.2698 0.4098 0 0 -1
-121.018 98.3096 592 0.3542 0.2807 0 0 -1
-109.962 112.855 592 0.4311 0.1796 0 0 -1
-133.149 79.7513 592 0.2698 0.4098 0 0 -1
-109.962 112.855 592 0.4311 0.1796 0 0 -1
-170.982 10 592 0.006 0.895 0 0 -1
-146.357 57.1803 592 0.178 0.5668 0 0 -1
-133.149 79.7513 592 0.2698 0.4098 0 0 -1
-170.982 10 592 0.006 0.895 0 0 -1
-170.982 10 592 0.006 0.895 0 0 -1
-160.64 30.5965 592 0.0786 0.7517 0 0 -1
-146.357 57.1803 592 0.178 0.5668 0 0 -1
-170.982 10 600 0.006 0.895 0 0 1
-69.9996 10 600 0.7091 0.895 0 0 1
-69.9996 80 600 0.7091 0.4081 0 0 1
-69.9996 136 600 0.7091 0.0186 0 0 1
-82.213 136 600 0.6242 0.0186 0 0 1
-83.2491 132.415 600 0.6169 0.0435 0 0 1
-69.9996 80 600 0.7091 0.4081 0 0 1
-69.9996 136 600 0.7091 0.0186 0 0 1
-83.2491 132.415 600 0.6169 0.0435 0 0 1
-170.982 10 600 0.006 0.895 0 0 1
-69.9996 80 600 0.7091 0.4081 0 0 1
-83.2491 132.415 600 0.6169 0.0435 0 0 1
-83.2491 132.415 600 0.6169 0.0435 0 0 1
-91.0775 129.908 600 0.5625 0.061 0 0 1
-99.9817 123.388 600 0.5006 0.1063 0 0 1
-83.2491 132.415 600 0.6169 0.0435 0 0 1
-99.9817 123.388 600 0.5006 0.1063 0 0 1
-109.962 112.855 600 0.4311 0.1796 0 0 1
-170.982 10 600 0.006 0.895 0 0 1
-83.2491 132.415 600 0.6169 0.0435 0 0 1
-109.962 112.855 600 0.4311 0.1796 0 0 1
-109.962 112.855 600 0.4311 0.1796 0 0 1
-121.018 98.3096 600 0.3542 0.2807 0 0 1
-133.149 79.7513 600 0.2698 0.4098 0 0 1
-170.982 10 600 0.006 0.895 0 0 1
-109.962 112.855 600 0.4311 0.1796 0 0 1
-133.149 79.7513 600 0.2698 0.4098 0 0 1
-170.982 10 600 0.006 0.895 0 0 1
-133.149 79.7513 600 0.2698 0.4098 0 0 1
-146.357 57.1803 600 0.178 0.5668 0 0 1
-146.357 57.1803 600 0.178 0.5668 0 0 1
-160.64 30.5965 600 0.0786 0.7517 0 0 1
-170.982 10 600 0.006 0.895 0 0 1
272.001 10 -170.983 0.006 0.895 -1 0 0
272.001 10 -70.001 0.7091 0.895 -1 0 0
272.001 80 -70.001 0.7091 0.4081 -1 0 0
272.001 136 -70.001 0.7091 0.0186 -1 0 0
272.001 136 -82.2144 0.6242 0.0186 -1 0 0
272.001 132.415 -83.2504 0.6169 0.0435 -1 0 0
272.001 80 -70.001 0.7091 0.4081 -1 0 0
272.001 136 -70.001 0.7091 0.0186 -1 0 0
272.001 132.415 -83.2504 0.6169 0.0435 -1 0 0
272.001 10 -170.983 0.006 0.895 -1 0 0
272.001 80 -70.001 0.7091 0.4081 -1 0 0
272.001 132.415 -83.2504 0.6169 0.0435 -1 0 0
272.001 132.415 -83.2504 0.6169 0.0435 -1 0 0
272.001 129.908 -91.0789 0.5625 0.061 -1 0 0
272.001 123.388 -99.9831 0.5006 0.1063 -1 0 0
272.001 132.415 -83.2504 0.6169 0.0435 -1 0 0
272.001 123.388 -99.9831 0.5006 0.1063 -1 0 0
272.001 112.855 -109.963 0.4311 0.1796 -1 0 0
272.001 10 -170.983 0.006 0.895 -1 0 0
272.001 132.415 -83.2504 0.6169 0.0435 -1 0 0
272.001 112.855 -109.963 0.4311 0.1796 -1 0 0
272.001 112.855 -109.963 0.4311 0.1796 -1 0 0
272.001 98.3096 -121.019 0.3542 0.2807 -1 0 0
272.001 79.7513 -133.151 0.2698 0.4098 -1 0 0
272.001 10 -170.983 0.006 0.895 -1 0 0
272.001 112.855 -109.963 0.4311 0.1796 -1 0 0
272.001 79.7513 -133.151 0.2698 0.4098 -1 0 0
272.001 10 -170.983 0.006 0.895 -1 0 0
272.001 79.7513 -133.151 0.2698 0.4098 -1 0 0
272.001 57.1803 -146.358 0.178 0.5668 -1 0 0
272.001 57.1803 -146.358 0.178 0.5668 -1 0 0
272.001 30.5965 -160.642 0.0786 0.7517 -1 0 0
272.001 10 -170.983 0.006 0.895 -1 0 0
280.001 80 -70.001 0.7091 0.4081 1 0 0
280.001 10 -70.001 0.7091 0.895 1 0 0
280.001 10 -170.983 0.006 0.895 1 0 0
280.001 132.415 -83.2504 0.6169 0.0435 1 0 0
280.001 136 -82.2144 0.6242 0.0186 1 0 0
280.001 136 -70.001 0.7091 0.0186 1 0 0
280.001 132.415 -83.2504 0.6169 0.0435 1 0 0
280.001 136 -70.001 0.7091 0.0186 1 0 0
280.001 80 -70.001 0.7091 0.4081 1 0 0
280.001 132.415 -83.2504 0.6169 0.0435 1 0 0
280.001 80 -70.001 0.7091 0.4081 1 0 0
280.001 10 -170.983 0.006 0.895 1 0 0
280.001 123.388 -99.9831 0.5006 0.1063 1 0 0
280.001 129.908 -91.0789 0.5625 0.061 1 0 0
280.001 132.415 -83.2504 0.6169 0.0435 1 0 0
280.001 112.855 -109.963 0.4311 0.1796 1 0 0
280.001 123.388 -99.9831 0.5006 0.1063 1 0 0
280.001 132.415 -83.2504 0.6169 0.0435 1 0 0
280.001 112.855 -109.963 0.4311 0.1796 1 0 0
280.001 132.415 -83.2504 0.6169 0.0435 1 0 0
280.001 10 -170.983 0.006 0.895 1 0 0
280.001 79.7513 -133.151 0.2698 0.4098 1 0 0
280.001 98.3096 -121.019 0.3542 0.2807 1 0 0
280.001 112.855 -109.963 0.4311 0.1796 1 0 0
280.001 79.7513 -133.151 0.2698 0.4098 1 0 0
280.001 112.855 -109.963 0.4311 0.1796 1 0 0
280.001 10 -170.983 0.006 0.895 1 0 0
280.001 57.1803 -146.358 0.178 0.5668 1 0 0
280.001 79.7513 -133.151 0.2698 0.4098 1 0 0
280.001 10 -170.983 0.006 0.895 1 0 0
280.001 10 -170.983 0.006 0.895 1 0 0
280.001 30.5965 -160.642 0.0786 0.7517 1 0 0
280.001 57.1803 -146.358 0.178 0.5668 1 0 0
-272.001 80 -70.001 0.7091 0.4081 1 0 0
-272.001 10 -70.001 0.7091 0.895 1 0 0
-272.001 10 -170.983 0.006 0.895 1 0 0
-272.001 132.415 -83.2504 0.6169 0.0435 1 0 0
-272.001 136 -82.2144 0.6242 0.0186 1 0 0
-272.001 136 -70.001 0.7091 0.0186 1 0 0
-272.001 132.415 -83.2504 0.6169 0.0435 1 0 0
-272.001 136 -70.001 0.7091 0.0186 1 0 0
-272.001 80 -70.001 0.7091 0.4081 1 0 0
-272.001 132.415 -83.2504 0.6169 0.0435 1 0 0
-272.001 80 -70.001 0.7091 0.4081 1 0 0
-272.001 10 -170.983 0.006 0.895 1 0 0
-272.001 123.388 -99.9831 0.5006 0.1063 1 0 0
-272.001 129.908 -91.0789 0.5625 0.061 1 0 0
-272.001 132.415 -83.2504 0.6169 0.0435 1 0 0
-272.001 112.855 -109.963 0.4311 0.1796 1 0 0
-272.001 123.388 -99.9831 0.5006 0.1063 1 0 0
-272.001 132.415 -83.2504 0.6169 0.0435 1 0 0
-272.001 112.855 -109.963 0.4311 0.1796 1 0 0
-272.001 132.415 -83.2504 0.6169 0.0435 1 0 0
-272.001 10 -170.983 0.006 0.895 1 0 0
-272.001 79.7513 -133.151 0.2698 0.4098 1 0 0
-272.001 98.3096 -121.019 0.3542 0.2807 1 0 0
-272.001 112.855 -109.963 0.4311 0.1796 1 0 0
-272.001 79.7513 -133.151 0.2698 0.4098 1 0 0
-272.001 112.855 -109.963 0.4311 0.1796 1 0 0
-272.001 10 -170.983 0.006 0.895 1 0 0
-272.001 57.1803 -146.358 0.178 0.5668 1 0 0
-272.001 79.7513 -133.151 0.2698 0.4098 1 0 0
-272.001 10 -170.983 0.006 0.895 1 0 0
-272.001 10 -170.983 0.006 0.895 1 0 0
-272.001 30.5965 -160.642 0.0786 0.7517 1 0 0
-272.001 57.1803 -146.358 0.178 0.5668 1 0 0
-280.001 10 -170.983 0.006 0.895 -1 0 0
-280.001 10 -70.001 0.7091 0.895 -1 0 0
-280.001 80 -70.001 0.7091 0.4081 -1 0 0
-280.001 136 -70.001 0.7091 0.0186 -1 0 0
-280.001 136 -82.2144 0.6242 0.0186 -1 0 0
-280.001 132.415 -83.2504 0.6169 0.0435 -1 0 0
-280.001 80 -70.001 0.7091 0.4081 -1 0 0
-280.001 136 -70.001 0.7091 0.0186 -1 0 0
-280.001 132.415 -83.2504 0.6169 0.0435 -1 0 0
-280.001 10 -170.983 0.006 0.895 -1 0 0
-280.001 80 -70.001 0.7091 0.4081 -1 0 0
-280.001 132.415 -83.2504 0.6169 0.0435 -1 0 0
-280.001 132.415 -83.2504 0.6169 0.0435 -1 0 0
-280.001 129.908 -91.0789 0.5625 0.061 -1 0 0
-280.001 123.388 -99.9831 0.5006 0.1063 -1 0 0
-280.001 132.415 -83.2504 0.6169 0.0435 -1 0 0
-280.001 123.388 -99.9831 0.5006 0.1063 -1 0 0
-280.001 112.855 -109.963 0.4311 0.1796 -1 0 0
-280.001 10 -170.983 0.006 0.895 -1 0 0
-280.001 132.415 -83.2504 0.6169 0.0435 -1 0 0
-280.001 112.855 -109.963 0.4311 0.1796 -1 0 0
-280.001 112.855 -109.963 0.4311 0.1796 -1 0 0
-280.001 98.3096 -121.019 0.3542 0.2807 -1 0 0
-280.001 79.7513 -133.151 0.2698 0.4098 -1 0 0
-280.001 10 -170.983 0.006 0.895 -1 0 0
-280.001 112.855 -109.963 0.4311 0.1796 -1 0 0
-280.001 79.7513 -133.151 0.2698 0.4098 -1 0 0
-280.001 10 -170.983 0.006 0.895 -1 0 0
-280.001 79.7513 -133.151 0.2698 0.4098 -1 0 0
-280.001 57.1803 -146.358 0.178 0.5668 -1 0 0
-280.001 57.1803 -146.358 0.178 0.5668 -1 0 0
-280.001 30.5965 -160.642 0.0786 0.7517 -1 0 0
-280.001 10 -170.983 0.006 0.895 -1 0 0
70 80 -592 0.7091 0.4081 0 0 1
70 10 -592 0.7091 0.895 0 0 1
170.984 10 -592 0.006 0.895 0 0 1
83.2495 132.415 -592 0.6169 0.0435 0 0 1
82.2134 136 -592 0.6242 0.0186 0 0 1
70 136 -592 0.7091 0.0186 0 0 1
83.2495 132.415 -592 0.6169 0.0435 0 0 1
70 136 -592 0.7091 0.0186 0 0 1
70 80 -592 0.7091 0.4081 0 0 1
83.2495 132.415 -592 0.6169 0.0435 0 0 1
70 80 -592 0.7091 0.4081 0 0 1
170.984 10 -592 0.006 0.895 0 0 1
99.9821 123.388 -592 0.5006 0.1063 0 0 1
91.0779 129.908 -592 0.5625 0.061 0 0 1
83.2495 132.415 -592 0.6169 0.0435 0 0 1
109.962 112.855 -592 0.4311 0.1796 0 0 1
99.9821 123.388 -592 0.5006 0.1063 0 0 1
83.2495 132.415 -592 0.6169 0.0435 0 0 1
109.962 112.855 -592 0.4311 0.1796 0 0 1
83.2495 132.415 -592 0.6169 0.0435 0 0 1
170.984 10 -592 0.006 0.895 0 0 1
133.15 79.7513 -592 0.2698 0.4098 0 0 1
121.018 98.3096 -592 0.3542 0.2807 0 0 1
109.962 112.855 -592 0.4311 0.1796 0 0 1
133.15 79.7513 -592 0.2698 0.4098 0 0 1
109.962 112.855 -592 0.4311 0.1796 0 0 1
170.984 10 -592 0.006 0.895 0 0 1
146.357 57.1803 -592 0.178 0.5668 0 0 1
133.15 79.7513 -592 0.2698 0.4098 0 0 1
170.984 10 -592 0.006 0.895 0 0 1
170.984 10 -592 0.006 0.895 0 0 1
160.641 30.5965 -592 0.0786 0.7517 0 0 1
146.357 57.1803 -592 0.178 0.5668 0 0 1
170.984 10 -600 0.006 0.895 0 0 -1
70 10 -600 0.7091 0.895 0 0 -1
70 80 -600 0.7091 0.4081 0 0 -1
70 136 -600 0.7091 0.0186 0 0 -1
82.2134 136 -600 0.6242 0.0186 0 0 -1
83.2495 132.415 -600 0.6169 0.0435 0 0 -1
70 80 -600 0.7091 0.4081 0 0 -1
70 136 -600 0.7091 0.0186 0 0 -1
83.2495 132.415 -600 0.6169 0.0435 0 0 -1
170.984 10 -600 0.006 0.895 0 0 -1
70 80 -600 0.7091 0.4081 0 0 -1
83.2495 132.415 -600 0.6169 0.0435 0 0 -1
83.2495 132.415 -600 0.6169 0.0435 0 0 -1
91.0779 129.908 -600 0.5625 0.061 0 0 -1
99.9821 123.388 -600 0.5006 0.1063 0 0 -1
83.2495 132.415 -600 0.6169 0.0435 0 0 -1
99.9821 123.388 -600 0.5006 0.1063 0 0 -1
109.962 112.855 -600 0.4311 0.1796 0 0 -1
170.984 10 -600 0.006 0.895 0 0 -1
83.2495 132.415 -600 0.6169 0.0435 0 0 -1
109.962 112.855 -600 0.4311 0.1796 0 0 -1
109.962 112.855 -600 0.4311 0.1796 0 0 -1
121.018 98.3096 -600 0.3542 0.2807 0 0 -1
133.15 79.7513 -600 0.2698 0.4098 0 0 -1
170.984 10 -600 0.006 0.895 0 0 -1
109.962 112.855 -600 0.4311 0.1796 0 0 -1
133.15 79.7513 -600 0.2698 0.4098 0 0 -1
170.984 10 -600 0.006 0.895 0 0 -1
133.15 79.7513 -600 0.2698 0.4098 0 0 -1
146.357 57.1803 -600 0.178 0.5668 0 0 -1
146.357 57.1803 -600 0.178 0.5668 0 0 -1
160.641 30.5965 -600 0.0786 0.7517 0 0 -1
170.984 10 -600 0.006 0.895 0 0 -1
170.984 10 592 0.006 0.895 -0 0 -1
70.0004 10 592 0.7091 0.895 -0 0 -1
70.0004 80 592 0.7091 0.4081 -0 0 -1
70.0004 136 592 0.7091 0.0186 0 0 -1
82.2138 136 592 0.6242 0.0186 0 0 -1
83.2498 132.415 592 0.6169 0.0435 0 0 -1
70.0004 80 592 0.7091 0.4081 0 0 -1
70.0004 136 592 0.7091 0.0186 0 0 -1
83.2498 132.415 592 0.6169 0.0435 0 0 -1
170.984 10 592 0.006 0.895 -0 0 -1
70.0004 80 592 0.7091 0.4081 -0 0 -1
83.2498 132.415 592 0.6169 0.0435 -0 0 -1
83.2498 132.415 592 0.6169 0.0435 0 0 -1
91.0783 129.908 592 0.5625 0.061 0 0 -1
99.9825 123.388 592 0.5006 0.1063 0 0 -1
83.2498 132.415 592 0.6169 0.0435 0 0 -1
99.9825 123.388 592 0.5006 0.1063 0 0 -1
109.963 112.855 592 0.4311 0.1796 0 0 -1
170.984 10 592 0.006 0.895 -0 -0 -1
83.2498 132.415 592 0.6169 0.0435 -0 -0 -1
109.963 112.855 592 0.4311 0.1796 -0 -0 -1
109.963 112.855 592 0.4311 0.1796 0 0 -1
121.019 98.3096 592 0.3542 0.2807 0 0 -1
133.15 79.7513 592 0.2698 0.4098 0 0 -1
170.984 10 592 0.006 0.895 0 0 -1
109.963 112.855 592 0.4311 0.1796 0 0 -1
133.15 79.7513 592 0.2698 0.4098 0 0 -1
170.984 10 592 0.006 0.895 0 0 -1
133.15 79.7513 592 0.2698 0.4098 0 0 -1
146.358 57.1803 592 0.178 0.5668 0 0 -1
146.358 57.1803 592 0.178 0.5668 0 0 -1
160.641 30.5965 592 0.0786 0.7517 0 0 -1
170.984 10 592 0.006 0.895 0 0 -1
70.0004 80 600 0.7091 0.4081 0 0 1
70.0004 10 600 0.7091 0.895 0 0 1
170.984 10 600 0.006 0.895 0 0 1
83.2498 132.415 600 0.6169 0.0435 0 0 1
82.2138 136 600 0.6242 0.0186 0 0 1
70.0004 136 600 0.7091 0.0186 0 0 1
83.2498 132.415 600 0.6169 0.0435 0 0 1
70.0004 136 600 0.7091 0.0186 0 0 1
70.0004 80 600 0.7091 0.4081 0 0 1
83.2498 132.415 600 0.6169 0.0435 0 0 1
70.0004 80 600 0.7091 0.4081 0 0 1
170.984 10 600 0.006 0.895 0 0 1
99.9825 123.388 600 0.5006 0.1063 0 0 1
91.0783 129.908 600 0.5625 0.061 0 0 1
83.2498 132.415 600 0.6169 0.0435 0 0 1
109.963 112.855 600 0.4311 0.1796 0 0 1
99.9825 123.388 600 0.5006 0.1063 0 0 1
83.2498 132.415 600 0.6169 0.0435 0 0 1
109.963 112.855 600 0.4311 0.1796 0 0 1
83.2498 132.415 600 0.6169 0.0435 0 0 1
170.984 10 600 0.006 0.895 0 0 1
133.15 79.7513 600 0.2698 0.4098 0 0 1
121.019 98.3096 600 0.3542 0.2807 0 0 1
109.963 112.855 600 0.4311 0.1796 0 0 1
133.15 79.7513 600 0.2698 0.4098 0 0 1
109.963 112.855 600 0.4311 0.1796 0 0 1
170.984 10 600 0.006 0.895 0 0 1
146.358 57.1803 600 0.178 0.5668 0 0 1
133.15 79.7513 600 0.2698 0.4098 0 0 1
170.984 10 600 0.006 0.895 0 0 1
170.984 10 600 0.006 0.895 0 0 1
160.641 30.5965 600 0.0786 0.7517 0 0 1
146.358 57.1803 600 0.178 0.5668 0 0 1
272.001 80 69.999 0.7091 0.4081 -1 0 0
272.001 10 69.999 0.7091 0.895 -1 0 0
272.001 10 170.983 0.006 0.895 -1 0 0
272.001 132.415 83.2485 0.6169 0.0435 -1 0 0
272.001 136 82.2125 0.6242 0.0186 -1 0 0
272.001 136 69.999 0.7091 0.0186 -1 0 0
272.001 132.415 83.2485 0.6169 0.0435 -1 0 0
272.001 136 69.999 0.7091 0.0186 -1 0 0
272.001 80 69.999 0.7091 0.4081 -1 0 0
272.001 132.415 83.2485 0.6169 0.0435 -1 0 0
272.001 80 69.999 0.7091 0.4081 -1 0 0
272.001 10 170.983 0.006 0.895 -1 0 0
272.001 123.388 99.9811 0.5006 0.1063 -1 0 0
272.001 129.908 91.0769 0.5625 0.061 -1 0 0
272.001 132.415 83.2485 0.6169 0.0435 -1 0 0
272.001 112.855 109.961 0.4311 0.1796 -1 0 0
272.001 123.388 99.9811 0.5006 0.1063 -1 0 0
272.001 132.415 83.2485 0.6169 0.0435 -1 0 0
272.001 112.855 109.961 0.4311 0.1796 -1 0 0
272.001 132.415 83.2485 0.6169 0.0435 -1 0 0
272.001 10 170.983 0.006 0.895 -1 0 0
272.001 79.7513 133.149 0.2698 0.4098 -1 0 0
272.001 98.3096 121.017 0.3542 0.2807 -1 0 0
272.001 112.855 109.961 0.4311 0.1796 -1 0 0
272.001 79.7513 133.149 0.2698 0.4098 -1 0 0
272.001 112.855 109.961 0.4311 0.1796 -1 0 0
272.001 10 170.983 0.006 0.895 -1 0 0
272.001 57.1803 146.356 0.178 0.5668 -1 0 0
272.001 79.7513 133.149 0.2698 0.4098 -1 0 0
272.001 10 170.983 0.006 0.895 -1 0 0
272.001 10 170.983 0.006 0.895 -1 0 0
272.001 30.5965 160.64 0.0786 0.7517 -1 0 0
272.001 57.1803 146.356 0.178 0.5668 -1 0 0
280.001 10 170.983 0.006 0.895 1 0 0
280.001 10 69.999 0.7091 0.895 1 0 0
280.001 80 69.999 0.7091 0.4081 1 0 0
280.001 136 69.999 0.7091 0.0186 1 0 0
280.001 136 82.2125 0.6242 0.0186 1 0 0
280.001 132.415 83.2485 0.6169 0.0435 1 0 0
280.001 80 69.999 0.7091 0.4081 1 0 0
280.001 136 69.999 0.7091 0.0186 1 0 0
280.001 132.415 83.2485 0.6169 0.0435 1 0 0
280.001 10 170.983 0.006 0.895 1 0 0
280.001 80 69.999 0.7091 0.4081 1 0 0
280.001 132.415 83.2485 0.6169 0.0435 1 0 0
280.001 132.415 83.2485 0.6169 0.0435 1 0 0
280.001 129.908 91.0769 0.5625 0.061 1 0 0
280.001 123.388 99.9811 0.5006 0.1063 1 0 0
280.001 132.415 83.2485 0.6169 0.0435 1 0 0
280.001 123.388 99.9811 0.5006 0.1063 1 0 0
280.001 112.855 109.961 0.4311 0.1796 1 0 0
280.001 10 170.983 0.006 0.895 1 0 0
280.001 132.415 83.2485 0.6169 0.0435 1 0 0
280.001 112.855 109.961 0.4311 0.1796 1 0 0
280.001 112.855 109.961 0.4311 0.1796 1 0 0
280.001 98.3096 121.017 0.3542 0.2807 1 0 0
280.001 79.7513 133.149 0.2698 0.4098 1 0 0
280.001 10 170.983 0.006 0.895 1 0 0
280.001 112.855 109.961 0.4311 0.1796 1 0 0
280.001 79.7513 133.149 0.2698 0.4098 1 0 0
280.001 10 170.983 0.006 0.895 1 0 0
280.001 79.7513 133.149 0.2698 0.4098 1 0 0
280.001 57.1803 146.356 0.178 0.5668 1 0 0
280.001 57.1803 146.356 0.178 0.5668 1 0 0
280.001 30.5965 160.64 0.0786 0.7517 1 0 0
280.001 10 170.983 0.006 0.895 1 0 0
-272.001 10 170.983 0.006 0.895 1 0 0
-272.001 10 69.999 0.7091 0.895 1 0 0
-272.001 80 69.999 0.7091 0.4081 1 0 0
-272.001 136 69.999 0.7091 0.0186 1 0 0
-272.001 136 82.2125 0.6242 0.0186 1 0 0
-272.001 132.415 83.2485 0.6169 0.0435 1 0 0
-272.001 80 69.999 0.7091 0.4081 1 0 0
-272.001 136 69.999 0.7091 0.0186 1 0 0
-272.001 132.415 83.2485 0.6169 0.0435 1 0 0
-272.001 10 170.983 0.006 0.895 1 0 0
-272.001 80 69.999 0.7091 0.4081 1 0 0
-272.001 132.415 83.2485 0.6169 0.0435 1 0 0
-272.001 132.415 83.2485 0.6169 0.0435 1 0 0
-272.001 129.908 91.0769 0.5625 0.061 1 0 0
-272.001 123.388 99.9811 0.5006 0.1063 1 0 0
-272.001 132.415 83.2485 0.6169 0.0435 1 0 0
-272.001 123.388 99.9811 0.5006 0.1063 1 0 0
-272.001 112.855 109.961 0.4311 0.1796 1 0 0
-272.001 10 170.983 0.006 0.895 1 0 0
-272.001 132.415 83.2485 0.6169 0.0435 1 0 0
-272.001 112.855 109.961 0.4311 0.1796 1 0 0
-272.001 112.855 109.961 0.4311 0.1796 1 0 0
-272.001 98.3096 121.017 0.3542 0.2807 1 0 0
-272.001 79.7513 133.149 0.2698 0.4098 1 0 0
-272.001 10 170.983 0.006 0.895 1 0 0
-272.001 112.855 109.961 0.4311 0.1796 1 0 0
-272.001 79.7513 133.149 0.2698 0.4098 1 0 0
-272.001 10 170.983 0.006 0.895 1 0 0
-272.001 79.7513 133.149 0.2698 0.4098 1 0 0
-272.001 57.1803 146.356 0.178 0.5668 1 0 0
-272.001 57.1803 146.356 0.178 0.5668 1 0 0
-272.001 30.5965 160.64 0.0786 0.7517 1 0 0
-272.001 10 170.983 0.006 0.895 1 0 0
-280.001 80 69.999 0.7091 0.4081 -1 0 0
-280.001 10 69.999 0.7091 0.895 -1 0 0
-280.001 10 170.983 0.006 0.895 -1 0 0
-280.001 132.415 83.2485 0.6169 0.0435 -1 0 0
-280.001 136 82.2125 0.6242 0.0186 -1 0 0
-280.001 136 69.999 0.7091 0.0186 -1 0 0
-280.001 132.415 83.2485 0.6169 0.0435 -1 0 0
-280.001 136 69.999 0.7091 0.0186 -1 0 0
-280.001 80 69.999 0.7091 0.4081 -1 0 0
-280.001 132.415 83.2485 0.6169 0.0435 -1 0 0
-280.001 80 69.999 0.7091 0.4081 -1 0 0
-280.001 10 170.983 0.006 0.895 -1 0 0
-280.001 123.388 99.9811 0.5006 0.1063 -1 0 0
-280.001 129.908 91.0769 0.5625 0.061 -1 0 0
-280.001 132.415 83.2485 0.6169 0.0435 -1 0 0
-280.001 112.855 109.961 0.4311 0.1796 -1 0 0
-280.001 123.388 99.9811 0.5006 0.1063 -1 0 0
-280.001 132.415 83.2485 0.6169 0.0435 -1 0 0
-280.001 112.855 109.961 0.4311 0.1796 -1 0 0
-280.001 132.415 83.2485 0.6169 0.0435 -1 0 0
-280.001 10 170.983 0.006 0.895 -1 0 0
-280.001 79.7513 133.149 0.2698 0.4098 -1 0 0
-280.001 98.3096 121.017 0.3542 0.2807 -1 0 0
-280.001 112.855 109.961 0.4311 0.1796 -1 0 0
-280.001 79.7513 133.149 0.2698 0.4098 -1 0 0
-280.001 112.855 109.961 0.4311 0.1796 -1 0 0
-280.001 10 170.983 0.006 0.895 -1 0 0
-280.001 57.1803 146.356 0.178 0.5668 -1 0 0
-280.001 79.7513 133.149 0.2698 0.4098 -1 0 0
-280.001 10 170.983 0.006 0.895 -1 0 0
-280.001 10 170.983 0.006 0.895 -1 0 0
-280.001 30.5965 160.64 0.0786 0.7517 -1 0 0
-280.001 57.1803 146.356 0.178 0.5668 -1 0 0
13.932 209.27 -592 0.1068 0.4491 0 0 1
0 212.222 -592 0.0142 0.4687 0 0 1
0 170.361 -592 0.0142 0.1905 0 0 1
25.1752 204.014 -592 0.1815 0.4141 0 0 1
13.932 209.27 -592 0.1068 0.4491 0 0 1
0 170.361 -592 0.0142 0.1905 0 0 1
33.7295 196.453 -592 0.2383 0.3639 0 0 1
25.1752 204.014 -592 0.1815 0.4141 0 0 1
0 170.361 -592 0.0142 0.1905 0 0 1
39.5951 186.588 -592 0.2773 0.2983 0 0 1
33.7295 196.453 -592 0.2383 0.3639 0 0 1
0 170.361 -592 0.0142 0.1905 0 0 1
42.7718 174.419 -592 0.2984 0.2174 0 0 1
39.5951 186.588 -592 0.2773 0.2983 0 0 1
0 170.361 -592 0.0142 0.1905 0 0 1
20 144 -592 0.1471 0.0153 0 0 1
79.9988 144 -592 0.5458 0.0153 0 0 1
75.3824 152.245 -592 0.5152 0.0701 0 0 1
20 144 -592 0.1471 0.0153 0 0 1
75.3824 152.245 -592 0.5152 0.0701 0 0 1
69.4003 158.165 -592 0.4754 0.1094 0 0 1
20 150.361 -592 0.1471 0.0576 0 0 1
20 144 -592 0.1471 0.0153 0 0 1
69.4003 158.165 -592 0.4754 0.1094 0 0 1
18.5958 157.723 -592 0.1378 0.1065 0 0 1
20 150.361 -592 0.1471 0.0576 0 0 1
69.4003 158.165 -592 0.4754 0.1094 0 0 1
69.4003 158.165 -592 0.4754 0.1094 0 0 1
62.0525 161.422 -592 0.4266 0.1311 0 0 1
53.339 162.016 -592 0.3687 0.135 0 0 1
69.4003 158.165 -592 0.4754 0.1094 0 0 1
53.339 162.016 -592 0.3687 0.135 0 0 1
43.2597 159.946 -592 0.3017 0.1213 0 0 1
42.7718 174.419 -592 0.2984 0.2174 0 0 1
0 170.361 -592 0.0142 0.1905 0 0 1
7.3619 168.957 -592 0.0631 0.1811 0 0 1
43.2597 159.946 -592 0.3017 0.1213 0 0 1
42.7718 174.419 -592 0.2984 0.2174 0 0 1
7.3619 168.957 -592 0.0631 0.1811 0 0 1
43.2597 159.946 -592 0.3017 0.1213 0 0 1
7.3619 168.957 -592 0.0631 0.1811 0 0 1
14.1421 164.504 -592 0.1082 0.1515 0 0 1
43.2597 159.946 -592 0.3017 0.1213 0 0 1
14.1421 164.504 -592 0.1082 0.1515 0 0 1
18.5958 157.723 -592 0.1378 0.1065 0 0 1
18.5958 157.723 -592 0.1378 0.1065 0 0 1
69.4003 158.165 -592 0.4754 0.1094 0 0 1
43.2597 159.946 -592 0.3017 0.1213 0 0 1
0 170.361 -600 0.0142 0.1905 0 0 -1
0 212.222 -600 0.0142 0.4687 0 0 -1
13.932 209.27 -600 0.1068 0.4491 0 0 -1
0 170.361 -600 0.0142 0.1905 0 0 -1
13.932 209.27 -600 0.1068 0.4491 0 0 -1
25.1752 204.014 -600 0.1815 0.4141 0 0 -1
0 170.361 -600 0.0142 0.1905 0 0 -1
25.1752 204.014 -600 0.1815 0.4141 0 0 -1
33.7295 196.453 -600 0.2383 0.3639 0 0 -1
0 170.361 -600 0.0142 0.1905 0 0 -1
33.7295 196.453 -600 0.2383 0.3639 0 0 -1
39.5951 186.588 -600 0.2773 0.2983 0 0 -1
0 170.361 -600 0.0142 0.1905 0 0 -1
39.5951 186.588 -600 0.2773 0.2983 0 0 -1
42.7718 174.419 -600 0.2984 0.2174 0 0 -1
75.3824 152.245 -600 0.5152 0.0701 0 0 -1
79.9988 144 -600 0.5458 0.0153 0 0 -1
20 144 -600 0.1471 0.0153 0 0 -1
69.4003 158.165 -600 0.4754 0.1094 0 0 -1
75.3824 152.245 -600 0.5152 0.0701 0 0 -1
20 144 -600 0.1471 0.0153 0 0 -1
69.4003 158.165 -600 0.4754 0.1094 0 0 -1
20 144 -600 0.1471 0.0153 0 0 -1
20 150.361 -600 0.1471 0.0576 0 0 -1
69.4003 158.165 -600 0.4754 0.1094 0 0 -1
20 150.361 -600 0.1471 0.0576 0 0 -1
18.5958 157.723 -600 0.1378 0.1065 0 0 -1
53.339 162.016 -600 0.3687 0.135 0 0 -1
62.0525 161.422 -600 0.4266 0.1311 0 0 -1
69.4003 158.165 -600 0.4754 0.1094 0 0 -1
43.2597 159.946 -600 0.3017 0.1213 0 0 -1
53.339 162.016 -600 0.3687 0.135 0 0 -1
69.4003 158.165 -600 0.4754 0.1094 0 0 -1
7.3619 168.957 -600 0.0631 0.1811 0 0 -1
0 170.361 -600 0.0142 0.1905 0 0 -1
42.7718 174.419 -600 0.2984 0.2174 0 0 -1
7.3619 168.957 -600 0.0631 0.1811 0 0 -1
42.7718 174.419 -600 0.2984 0.2174 0 0 -1
43.2597 159.946 -600 0.3017 0.1213 0 0 -1
14.1421 164.504 -600 0.1082 0.1515 0 0 -1
7.3619 168.957 -600 0.0631 0.1811 0 0 -1
43.2597 159.946 -600 0.3017 0.1213 0 0 -1
18.5958 157.723 -600 0.1378 0.1065 0 0 -1
14.1421 164.504 -600 0.1082 0.1515 0 0 -1
43.2597 159.946 -600 0.3017 0.1213 0 0 -1
43.2597 159.946 -600 0.3017 0.1213 0 0 -1
69.4003 158.165 -600 0.4754 0.1094 0 0 -1
18.5958 157.723 -600 0.1378 0.1065 0 0 -1
0.0004 170.361 592 0.0142 0.1905 0 0 -1
0.0004 212.222 592 0.0142 0.4687 0 0 -1
13.9324 209.27 592 0.1068 0.4491 0 0 -1
0.0004 170.361 592 0.0142 0.1905 0 0 -1
13.9324 209.27 592 0.1068 0.4491 0 0 -1
25.1756 204.014 592 0.1815 0.4141 0 0 -1
0.0004 170.361 592 0.0142 0.1905 0 0 -1
25.1756 204.014 592 0.1815 0.4141 0 0 -1
33.7299 196.453 592 0.2383 0.3639 0 0 -1
0.0004 170.361 592 0.0142 0.1905 0 0 -1
33.7299 196.453 592 0.2383 0.3639 0 0 -1
39.5955 186.588 592 0.2773 0.2983 0 0 -1
0.0004 170.361 592 0.0142 0.1905 0 0 -1
39.5955 186.588 592 0.2773 0.2983 0 0 -1
42.7722 174.419 592 0.2984 0.2174 0 0 -1
75.3828 152.245 592 0.5152 0.0701 0 0 -1
79.9992 144 592 0.5458 0.0153 0 0 -1
20.0004 144 592 0.1471 0.0153 0 0 -1
69.4007 158.165 592 0.4754 0.1094 0 0 -1
75.3828 152.245 592 0.5152 0.0701 0 0 -1
20.0004 144 592 0.1471 0.0153 0 0 -1
69.4007 158.165 592 0.4754 0.1094 0 0 -1
20.0004 144 592 0.1471 0.0153 0 0 -1
20.0004 150.361 592 0.1471 0.0576 0 0 -1
69.4007 158.165 592 0.4754 0.1094 0 0 -1
20.0004 150.361 592 0.1471 0.0576 0 0 -1
18.5962 157.723 592 0.1378 0.1065 0 0 -1
53.3393 162.016 592 0.3687 0.135 0 0 -1
62.0529 161.422 592 0.4266 0.1311 0 0 -1
69.4007 158.165 592 0.4754 0.1094 0 0 -1
43.2601 159.946 592 0.3017 0.1213 0 0 -1
53.3393 162.016 592 0.3687 0.135 0 0 -1
69.4007 158.165 592 0.4754 0.1094 0 0 -1
7.3623 168.957 592 0.0631 0.1811 0 0 -1
0.0004 170.361 592 0.0142 0.1905 0 0 -1
42.7722 174.419 592 0.2984 0.2174 0 0 -1
7.3623 168.957 592 0.0631 0.1811 0 0 -1
42.7722 174.419 592 0.2984 0.2174 0 0 -1
43.2601 159.946 592 0.3017 0.1213 0 0 -1
14.1425 164.504 592 0.1082 0.1515 0 0 -1
7.3623 168.957 592 0.0631 0.1811 0 0 -1
43.2601 159.946 592 0.3017 0.1213 0 0 -1
18.5962 157.723 592 0.1378 0.1065 0 0 -1
14.1425 164.504 592 0.1082 0.1515 0 0 -1
43.2601 159.946 592 0.3017 0.1213 0 0 -1
43.2601 159.946 592 0.3017 0.1213 0 0 -1
69.4007 158.165 592 0.4754 0.1094 0 0 -1
18.5962 157.723 592 0.1378 0.1065 0 0 -1
13.9324 209.27 600 0.1068 0.4491 0 0 1
0.0004 212.222 600 0.0142 0.4687 0 0 1
0.0004 170.361 600 0.0142 0.1905 0 0 1
25.1756 204.014 600 0.1815 0.4141 0 0 1
13.9324 209.27 600 0.1068 0.4491 0 0 1
0.0004 170.361 600 0.0142 0.1905 0 0 1
33.7299 196.453 600 0.2383 0.3639 0 0 1
25.1756 204.014 600 0.1815 0.4141 0 0 1
0.0004 170.361 600 0.0142 0.1905 0 0 1
39.5955 186.588 600 0.2773 0.2983 0 0 1
33.7299 196.453 600 0.2383 0.3639 0 0 1
0.0004 170.361 600 0.0142 0.1905 0 0 1
42.7722 174.419 600 0.2984 0.2174 0 0 1
39.5955 186.588 600 0.2773 0.2983 0 0 1
0.0004 170.361 600 0.0142 0.1905 0 0 1
20.0004 144 600 0.1471 0.0153 0 0 1
79.9992 144 600 0.5458 0.0153 0 0 1
75.3828 152.245 600 0.5152 0.0701 0 0 1
20.0004 144 600 0.1471 0.0153 0 0 1
75.3828 152.245 600 0.5152 0.0701 0 0 1
69.4007 158.165 600 0.4754 0.1094 0 0 1
20.0004 150.361 600 0.1471 0.0576 0 0 1
20.0004 144 600 0.1471 0.0153 0 0 1
69.4007 158.165 600 0.4754 0.1094 0 0 1
18.5962 157.723 600 0.1378 0.1065 0 0 1
20.0004 150.361 600 0.1471 0.0576 0 0 1
69.4007 158.165 600 0.4754 0.1094 0 0 1
69.4007 158.165 600 0.4754 0.1094 0 0 1
62.0529 161.422 600 0.4266 0.1311 0 0 1
53.3393 162.016 600 0.3687 0.135 0 0 1
69.4007 158.165 600 0.4754 0.1094 0 -0 1
53.3393 162.016 600 0.3687 0.135 0 -0 1
43.2601 159.946 600 0.3017 0.1213 0 -0 1
42.7722 174.419 600 0.2984 0.2174 0 0 1
0.0004 170.361 600 0.0142 0.1905 0 0 1
7.3623 168.957 600 0.0631 0.1811 0 0 1
43.2601 159.946 600 0.3017 0.1213 0 0 1
42.7722 174.419 600 0.2984 0.2174 0 0 1
7.3623 168.957 600 0.0631 0.1811 0 0 1
43.2601 159.946 600 0.3017 0.1213 0 0 1
7.3623 168.957 600 0.0631 0.1811 0 0 1
14.1425 164.504 600 0.1082 0.1515 0 0 1
43.2601 159.946 600 0.3017 0.1213 0 0 1
14.1425 164.504 600 0.1082 0.1515 0 0 1
18.5962 157.723 600 0.1378 0.1065 0 0 1
18.5962 157.723 600 0.1378 0.1065 0 -0 1
69.4007 158.165 600 0.4754 0.1094 0 -0 1
43.2601 159.946 600 0.3017 0.1213 0 -0 1
272.001 209.27 13.931 0.1068 0.4491 -1 0 0
272.001 212.222 -0.001 0.0142 0.4687 -1 0 0
272.001 170.361 -0.001 0.0142 0.1905 -1 0 0
272.001 204.014 25.1742 0.1815 0.4141 -1 0 0
272.001 209.27 13.931 0.1068 0.4491 -1 0 0
272.001 170.361 -0.001 0.0142 0.1905 -1 0 0
272.001 196.453 33.7286 0.2383 0.3639 -1 0 0
272.001 204.014 25.1742 0.1815 0.4141 -1 0 0
272.001 170.361 -0.001 0.0142 0.1905 -1 0 0
272.001 186.588 39.5941 0.2773 0.2983 -1 0 0
272.001 196.453 33.7286 0.2383 0.3639 -1 0 0
272.001 170.361 -0.001 0.0142 0.1905 -1 0 0
272.001 174.419 42.7709 0.2984 0.2174 -1 0 0
272.001 186.588 39.5941 0.2773 0.2983 -1 0 0
272.001 170.361 -0.001 0.0142 0.1905 -1 0 0
272.001 144 19.999 0.1471 0.0153 -1 0 0
272.001 144 79.9979 0.5458 0.0153 -1 0 0
272.001 152.245 75.3815 0.5152 0.0701 -1 0 0
272.001 144 19.999 0.1471 0.0153 -1 0 0
272.001 152.245 75.3815 0.5152 0.0701 -1 0 0
272.001 158.165 69.3993 0.4754 0.1094 -1 0 0
272.001 150.361 19.999 0.1471 0.0576 -1 0 0
272.001 144 19.999 0.1471 0.0153 -1 0 0
272.001 158.165 69.3993 0.4754 0.1094 -1 0 0
272.001 157.723 18.5948 0.1378 0.1065 -1 0 0
272.001 150.361 19.999 0.1471 0.0576 -1 0 0
272.001 158.165 69.3993 0.4754 0.1094 -1 0 0
272.001 158.165 69.3993 0.4754 0.1094 -1 0 0
272.001 161.422 62.0516 0.4266 0.1311 -1 0 0
272.001 162.016 53.338 0.3687 0.135 -1 0 0
272.001 158.165 69.3993 0.4754 0.1094 -1 0 0
272.001 162.016 53.338 0.3687 0.135 -1 0 0
272.001 159.946 43.2587 0.3017 0.1213 -1 0 0
272.001 174.419 42.7709 0.2984 0.2174 -1 0 0
272.001 170.361 -0.001 0.0142 0.1905 -1 0 0
272.001 168.957 7.361 0.0631 0.1811 -1 0 0
272.001 159.946 43.2587 0.3017 0.1213 -1 0 0
272.001 174.419 42.7709 0.2984 0.2174 -1 0 0
272.001 168.957 7.361 0.0631 0.1811 -1 0 0
272.001 159.946 43.2587 0.3017 0.1213 -1 0 0
272.001 168.957 7.361 0.0631 0.1811 -1 0 0
272.001 164.504 14.1412 0.1082 0.1515 -1 0 0
272.001 159.946 43.2587 0.3017 0.1213 -1 0 0
272.001 164.504 14.1412 0.1082 0.1515 -1 0 0
272.001 157.723 18.5948 0.1378 0.1065 -1 0 0
272.001 157.723 18.5948 0.1378 0.1065 -1 0 0
272.001 158.165 69.3993 0.4754 0.1094 -1 0 0
272.001 159.946 43.2587 0.3017 0.1213 -1 0 0
280.001 170.361 -0.001 0.0142 0.1905 1 0 0
280.001 212.222 -0.001 0.0142 0.4687 1 0 0
280.001 209.27 13.931 0.1068 0.4491 1 0 0
280.001 170.361 -0.001 0.0142 0.1905 1 0 0
280.001 209.27 13.931 0.1068 0.4491 1 0 0
280.001 204.014 25.1742 0.1815 0.4141 1 0 0
280.001 170.361 -0.001 0.0142 0.1905 1 0 0
280.001 204.014 25.1742 0.1815 0.4141 1 0 0
280.001 196.453 33.7286 0.2383 0.3639 1 0 0
280.001 170.361 -0.001 0.0142 0.1905 1 0 0
280.001 196.453 33.7286 0.2383 0.3639 1 0 0
280.001 186.588 39.5941 0.2773 0.2983 1 0 0
280.001 170.361 -0.001 0.0142 0.1905 1 0 0
280.001 186.588 39.5941 0.2773 0.2983 1 0 0
280.001 174.419 42.7709 0.2984 0.2174 1 0 0
280.001 152.245 75.3815 0.5152 0.0701 1 0 0
280.001 144 79.9979 0.5458 0.0153 1 0 0
280.001 144 19.999 0.1471 0.0153 1 0 0
280.001 158.165 69.3993 0.4754 0.1094 1 0 0
280.001 152.245 75.3815 0.5152 0.0701 1 0 0
280.001 144 19.999 0.1471 0.0153 1 0 0
280.001 158.165 69.3993 0.4754 0.1094 1 0 0
280.001 144 19.999 0.1471 0.0153 1 0 0
280.001 150.361 19.999 0.1471 0.0576 1 0 0
280.001 158.165 69.3993 0.4754 0.1094 1 0 0
280.001 150.361 19.999 0.1471 0.0576 1 0 0
280.001 157.723 18.5948 0.1378 0.1065 1 0 0
280.001 162.016 53.338 0.3687 0.135 1 0 0
280.001 161.422 62.0516 0.4266 0.1311 1 0 0
280.001 158.165 69.3993 0.4754 0.1094 1 0 0
280.001 159.946 43.2587 0.3017 0.1213 1 0 0
280.001 162.016 53.338 0.3687 0.135 1 0 0
280.001 158.165 69.3993 0.4754 0.1094 1 0 0
280.001 168.957 7.361 0.0631 0.1811 1 0 0
280.001 170.361 -0.001 0.0142 0.1905 1 0 0
280.001 174.419 42.7709 0.2984 0.2174 1 0 0
280.001 168.957 7.361 0.0631 0.1811 1 0 0
280.001 174.419 42.7709 0.2984 0.2174 1 0 0
280.001 159.946 43.2587 0.3017 0.1213 1 0 0
280.001 164.504 14.1412 0.1082 0.1515 1 0 0
280.001 168.957 7.361 0.0631 0.1811 1 0 0
280.001 159.946 43.2587 0.3017 0.1213 1 0 0
280.001 157.723 18.5948 0.1378 0.1065 1 0 0
280.001 164.504 14.1412 0.1082 0.1515 1 0 0
280.001 159.946 43.2587 0.3017 0.1213 1 0 0
280.001 159.946 43.2587 0.3017 0.1213 1 0 0
280.001 158.165 69.3993 0.4754 0.1094 1 0 0
280.001 157.723 18.5948 0.1378 0.1065 1 0 0
-272.001 170.361 -0.001 0.0142 0.1905 1 0 0
-272.001 212.222 -0.001 0.0142 0.4687 1 0 0
-272.001 209.27 13.931 0.1068 0.4491 1 0 0
-272.001 170.361 -0.001 0.0142 0.1905 1 0 0
-272.001 209.27 13.931 0.1068 0.4491 1 0 0
-272.001 204.014 25.1742 0.1815 0.4141 1 0 0
-272.001 170.361 -0.001 0.0142 0.1905 1 0 0
-272.001 204.014 25.1742 0.1815 0.4141 1 0 0
-272.001 196.453 33.7286 0.2383 0.3639 1 0 0
-272.001 170.361 -0.001 0.0142 0.1905 1 0 0
-272.001 196.453 33.7286 0.2383 0.3639 1 0 0
-272.001 186.588 39.5941 0.2773 0.2983 1 0 0
-272.001 170.361 -0.001 0.0142 0.1905 1 0 0
-272.001 186.588 39.5941 0.2773 0.2983 1 0 0
-272.001 174.419 42.7709 0.2984 0.2174 1 0 0
-272.001 152.245 75.3815 0.5152 0.0701 1 0 0
-272.001 144 79.9979 0.5458 0.0153 1 0 0
-272.001 144 19.999 0.1471 0.0153 1 0 0
-272.001 158.165 69.3993 0.4754 0.1094 1 0 0
-272.001 152.245 75.3815 0.5152 0.0701 1 0 0
-272.001 144 19.999 0.1471 0.0153 1 0 0
-272.001 158.165 69.3993 0.4754 0.1094 1 0 0
-272.001 144 19.999 0.1471 0.0153 1 0 0
-272.001 150.361 19.999 0.1471 0.0576 1 0 0
-272.001 158.165 69.3993 0.4754 0.1094 1 0 0
-272.001 150.361 19.999 0.1471 0.0576 1 0 0
-272.001 157.723 18.5948 0.1378 0.1065 1 0 0
-272.001 162.016 53.338 0.3687 0.135 1 0 0
-272.001 161.422 62.0516 0.4266 0.1311 1 0 0
-272.001 158.165 69.3993 0.4754 0.1094 1 0 0
-272.001 159.946 43.2587 0.3017 0.1213 1 0 0
-272.001 162.016 53.338 0.3687 0.135 1 0 0
-272.001 158.165 69.3993 0.4754 0.1094 1 0 0
-272.001 168.957 7.361 0.0631 0.1811 1 0 0
-272.001 170.361 -0.001 0.0142 0.1905 1 0 0
-272.001 174.419 42.7709 0.2984 0.2174 1 0 0
-272.001 168.957 7.361 0.0631 0.1811 1 0 0
-272.001 174.419 42.7709 0.2984 0.2174 1 0 0
-272.001 159.946 43.2587 0.3017 0.1213 1 0 0
-272.001 164.504 14.1412 0.1082 0.1515 1 0 0
-272.001 168.957 7.361 0.0631 0.1811 1 0 0
-272.001 159.946 43.2587 0.3017 0.1213 1 0 0
-272.001 157.723 18.5948 0.1378 0.1065 1 0 0
-272.001 164.504 14.1412 0.1082 0.1515 1 0 0
-272.001 159.946 43.2587 0.3017 0.1213 1 0 0
-272.001 159.946 43.2587 0.3017 0.1213 1 0 0
-272.001 158.165 69.3993 0.4754 0.1094 1 0 0
-272.001 157.723 18.5948 0.1378 0.1065 1 0 0
-280.001 209.27 13.931 0.1068 0.4491 -1 0 0
-280.001 212.222 -0.001 0.0142 0.4687 -1 0 0
-280.001 170.361 -0.001 0.0142 0.1905 -1 0 0
-280.001 204.014 25.1742 0.1815 0.4141 -1 0 0
-280.001 209.27 13.931 0.1068 0.4491 -1 0 0
-280.001 170.361 -0.001 0.0142 0.1905 -1 0 0
-280.001 196.453 33.7286 0.2383 0.3639 -1 0 0
-280.001 204.014 25.1742 0.1815 0.4141 -1 0 0
-280.001 170.361 -0.001 0.0142 0.1905 -1 0 0
-280.001 186.588 39.5941 0.2773 0.2983 -1 0 0
-280.001 196.453 33.7286 0.2383 0.3639 -1 0 0
-280.001 170.361 -0.001 0.0142 0.1905 -1 0 0
-280.001 174.419 42.7709 0.2984 0.2174 -1 0 0
-280.001 186.588 39.5941 0.2773 0.2983 -1 0 0
-280.001 170.361 -0.001 0.0142 0.1905 -1 0 0
-280.001 144 19.999 0.1471 0.0153 -1 0 0
-280.001 144 79.9979 0.5458 0.0153 -1 0 0
-280.001 152.245 75.3815 0.5152 0.0701 -1 0 0
-280.001 144 19.999 0.1471 0.0153 -1 0 0
-280.001 152.245 75.3815 0.5152 0.0701 -1 0 0
-280.001 158.165 69.3993 0.4754 0.1094 -1 0 0
-280.001 150.361 19.999 0.1471 0.0576 -1 0 0
-280.001 144 19.999 0.1471 0.0153 -1 0 0
-280.001 158.165 69.3993 0.4754 0.1094 -1 0 0
-280.001 157.723 18.5948 0.1378 0.1065 -1 0 0
-280.001 150.361 19.999 0.1471 0.0576 -1 0 0
-280.001 158.165 69.3993 0.4754 0.1094 -1 0 0
-280.001 158.165 69.3993 0.4754 0.1094 -1 0 0
-280.001 161.422 62.0516 0.4266 0.1311 -1 0 0
-280.001 162.016 53.338 0.3687 0.135 -1 0 0
-280.001 158.165 69.3993 0.4754 0.1094 -1 0 0
-280.001 162.016 53.338 0.3687 0.135 -1 0 0
-280.001 159.946 43.2587 0.3017 0.1213 -1 0 0
-280.001 174.419 42.7709 0.2984 0.2174 -1 0 0
-280.001 170.361 -0.001 0.0142 0.1905 -1 0 0
-280.001 168.957 7.361 0.0631 0.1811 -1 0 0
-280.001 159.946 43.2587 0.3017 0.1213 -1 0 0
-280.001 174.419 42.7709 0.2984 0.2174 -1 0 0
-280.001 168.957 7.361 0.0631 0.1811 -1 0 0
-280.001 159.946 43.2587 0.3017 0.1213 -1 0 0
-280.001 168.957 7.361 0.0631 0.1811 -1 0 0
-280.001 164.504 14.1412 0.1082 0.1515 -1 0 0
-280.001 159.946 43.2587 0.3017 0.1213 -1 0 0
-280.001 164.504 14.1412 0.1082 0.1515 -1 0 0
-280.001 157.723 18.5948 0.1378 0.1065 -1 0 0
-280.001 157.723 18.5948 0.1378 0.1065 -1 0 0
-280.001 158.165 69.3993 0.4754 0.1094 -1 0 0
-280.001 159.946 43.2587 0.3017 0.1213 -1 0 0
0 170.361 -592 0.0142 0.1905 0 0 1
0 212.222 -592 0.0142 0.4687 0 0 1
-13.932 209.27 -592 0.1068 0.4491 0 0 1
0 170.361 -592 0.0142 0.1905 0 0 1
-13.932 209.27 -592 0.1068 0.4491 0 0 1
-25.1752 204.014 -592 0.1815 0.4141 0 0 1
0 170.361 -592 0.0142 0.1905 0 0 1
-25.1752 204.014 -592 0.1815 0.4141 0 0 1
-33.7295 196.453 -592 0.2383 0.3639 0 0 1
0 170.361 -592 0.0142 0.1905 0 0 1
-33.7295 196.453 -592 0.2383 0.3639 0 0 1
-39.5951 186.588 -592 0.2773 0.2983 0 0 1
0 170.361 -592 0.0142 0.1905 0 0 1
-39.5951 186.588 -592 0.2773 0.2983 0 0 1
-42.7718 174.419 -592 0.2984 0.2174 0 0 1
-75.3824 152.245 -592 0.5152 0.0701 0 0 1
-79.9988 144 -592 0.5458 0.0153 0 0 1
-20 144 -592 0.1471 0.0153 0 0 1
-69.4003 158.165 -592 0.4754 0.1094 0 0 1
-75.3824 152.245 -592 0.5152 0.0701 0 0 1
-20 144 -592 0.1471 0.0153 0 0 1
-69.4003 158.165 -592 0.4754 0.1094 0 0 1
-20 144 -592 0.1471 0.0153 0 0 1
-20 150.361 -592 0.1471 0.0576 0 0 1
-69.4003 158.165 -592 0.4754 0.1094 0 0 1
-20 150.361 -592 0.1471 0.0576 0 0 1
-18.5958 157.723 -592 0.1378 0.1065 0 0 1
-53.339 162.016 -592 0.3687 0.135 0 0 1
-62.0525 161.422 -592 0.4266 0.1311 0 0 1
-69.4003 158.165 -592 0.4754 0.1094 0 0 1
-43.2597 159.946 -592 0.3017 0.1213 0 0 1
-53.339 162.016 -592 0.3687 0.135 0 0 1
-69.4003 158.165 -592 0.4754 0.1094 0 0 1
-7.3619 168.957 -592 0.0631 0.1811 0 0 1
0 170.361 -592 0.0142 0.1905 0 0 1
-42.7718 174.419 -592 0.2984 0.2174 0 0 1
-7.3619 168.957 -592 0.0631 0.1811 0 0 1
-42.7718 174.419 -592 0.2984 0.2174 0 0 1
-43.2597 159.946 -592 0.3017 0.1213 0 0 1
-14.1421 164.504 -592 0.1082 0.1515 0 0 1
-7.3619 168.957 -592 0.0631 0.1811 0 0 1
-43.2597 159.946 -592 0.3017 0.1213 0 0 1
-18.5958 157.723 -592 0.1378 0.1065 0 0 1
-14.1421 164.504 -592 0.1082 0.1515 0 0 1
-43.2597 159.946 -592 0.3017 0.1213 0 0 1
-43.2597 159.946 -592 0.3017 0.1213 0 0 1
-69.4003 158.165 -592 0.4754 0.1094 0 0 1
-18.5958 157.723 -592 0.1378 0.1065 0 0 1
-13.932 209.27 -600 0.1068 0.4491 0 0 -1
0 212.222 -600 0.0142 0.4687 0 0 -1
0 170.361 -600 0.0142 0.1905 0 0 -1
-25.1752 204.014 -600 0.1815 0.4141 0 0 -1
-13.932 209.27 -600 0.1068 0.4491 0 0 -1
0 170.361 -600 0.0142 0.1905 0 0 -1
-33.7295 196.453 -600 0.2383 0.3639 0 0 -1
-25.1752 204.014 -600 0.1815 0.4141 0 0 -1
0 170.361 -600 0.0142 0.1905 0 0 -1
-39.5951 186.588 -600 0.2773 0.2983 0 0 -1
-33.7295 196.453 -600 0.2383 0.3639 0 0 -1
0 170.361 -600 0.0142 0.1905 0 0 -1
-42.7718 174.419 -600 0.2984 0.2174 0 0 -1
-39.5951 186.588 -600 0.2773 0.2983 0 0 -1
0 170.361 -600 0.0142 0.1905 0 0 -1
-20 144 -600 0.1471 0.0153 0 0 -1
-79.9988 144 -600 0.5458 0.0153 0 0 -1
-75.3824 152.245 -600 0.5152 0.0701 0 0 -1
-20 144 -600 0.1471 0.0153 0 0 -1
-75.3824 152.245 -600 0.5152 0.0701 0 0 -1
-69.4003 158.165 -600 0.4754 0.1094 0 0 -1
-20 150.361 -600 0.1471 0.0576 0 0 -1
-20 144 -600 0.1471 0.0153 0 0 -1
-69.4003 158.165 -600 0.4754 0.1094 0 0 -1
-18.5958 157.723 -600 0.1378 0.1065 0 0 -1
-20 150.361 -600 0.1471 0.0576 0 0 -1
-69.4003 158.165 -600 0.4754 0.1094 0 0 -1
-69.4003 158.165 -600 0.4754 0.1094 0 0 -1
-62.0525 161.422 -600 0.4266 0.1311 0 0 -1
-53.339 162.016 -600 0.3687 0.135 0 0 -1
-69.4003 158.165 -600 0.4754 0.1094 0 0 -1
-53.339 162.016 -600 0.3687 0.135 0 0 -1
-43.2597 159.946 -600 0.3017 0.1213 0 0 -1
-42.7718 174.419 -600 0.2984 0.2174 0 0 -1
0 170.361 -600 0.0142 0.1905 0 0 -1
-7.3619 168.957 -600 0.0631 0.1811 0 0 -1
-43.2597 159.946 -600 0.3017 0.1213 0 0 -1
-42.7718 174.419 -600 0.2984 0.2174 0 0 -1
-7.3619 168.957 -600 0.0631 0.1811 0 0 -1
-43.2597 159.946 -600 0.3017 0.1213 0 0 -1
-7.3619 168.957 -600 0.0631 0.1811 0 0 -1
-14.1421 164.504 -600 0.1082 0.1515 0 0 -1
-43.2597 159.946 -600 0.3017 0.1213 0 0 -1
-14.1421 164.504 -600 0.1082 0.1515 0 0 -1
-18.5958 157.723 -600 0.1378 0.1065 0 0 -1
-18.5958 157.723 -600 0.1378 0.1065 0 0 -1
-69.4003 158.165 -600 0.4754 0.1094 0 0 -1
-43.2597 159.946 -600 0.3017 0.1213 0 0 -1
-13.9316 209.27 592 0.1068 0.4491 -0 0 -1
0.0004 212.222 592 0.0142 0.4687 -0 0 -1
0.0004 170.361 592 0.0142 0.1905 -0 0 -1
-25.1748 204.014 592 0.1815 0.4141 -0 0 -1
-13.9316 209.27 592 0.1068 0.4491 -0 0 -1
0.0004 170.361 592 0.0142 0.1905 -0 0 -1
-33.7292 196.453 592 0.2383 0.3639 -0 0 -1
-25.1748 204.014 592 0.1815 0.4141 -0 0 -1
0.0004 170.361 592 0.0142 0.1905 -0 0 -1
-39.5947 186.588 592 0.2773 0.2983 -0 0 -1
-33.7292 196.453 592 0.2383 0.3639 -0 0 -1
0.0004 170.361 592 0.0142 0.1905 -0 0 -1
-42.7714 174.419 592 0.2984 0.2174 -0 0 -1
-39.5947 186.588 592 0.2773 0.2983 -0 0 -1
0.0004 170.361 592 0.0142 0.1905 -0 0 -1
-19.9996 144 592 0.1471 0.0153 0 0 -1
-79.9984 144 592 0.5458 0.0153 0 0 -1
-75.382 152.245 592 0.5152 0.0701 0 0 -1
-19.9996 144 592 0.1471 0.0153 0 0 -1
-75.382 152.245 592 0.5152 0.0701 0 0 -1
-69.3999 158.165 592 0.4754 0.1094 0 0 -1
-19.9996 150.361 592 0.1471 0.0576 0 0 -1
-19.9996 144 592 0.1471 0.0153 0 0 -1
-69.3999 158.165 592 0.4754 0.1094 0 0 -1
-18.5954 157.723 592 0.1378 0.1065 0 0 -1
-19.9996 150.361 592 0.1471 0.0576 0 0 -1
-69.3999 158.165 592 0.4754 0.1094 0 0 -1
-69.3999 158.165 592 0.4754 0.1094 0 0 -1
-62.0521 161.422 592 0.4266 0.1311 0 0 -1
-53.3386 162.016 592 0.3687 0.135 0 0 -1
-69.3999 158.165 592 0.4754 0.1094 0 0 -1
-53.3386 162.016 592 0.3687 0.135 0 0 -1
-43.2593 159.946 592 0.3017 0.1213 0 0 -1
-42.7714 174.419 592 0.2984 0.2174 -0 0 -1
0.0004 170.361 592 0.0142 0.1905 -0 0 -1
-7.3615 168.957 592 0.0631 0.1811 -0 0 -1
-43.2593 159.946 592 0.3017 0.1213 -0 0 -1
-42.7714 174.419 592 0.2984 0.2174 -0 0 -1
-7.3615 168.957 592 0.0631 0.1811 -0 0 -1
-43.2593 159.946 592 0.3017 0.1213 0 -0 -1
-7.3615 168.957 592 0.0631 0.1811 0 -0 -1
-14.1417 164.504 592 0.1082 0.1515 0 -0 -1
-43.2593 159.946 592 0.3017 0.1213 0 0 -1
-14.1417 164.504 592 0.1082 0.1515 0 0 -1
-18.5954 157.723 592 0.1378 0.1065 0 0 -1
-18.5954 157.723 592 0.1378 0.1065 0 0 -1
-69.3999 158.165 592 0.4754 0.1094 0 0 -1
-43.2593 159.946 592 0.3017 0.1213 0 0 -1
0.0004 170.361 600 0.0142 0.1905 0 0 1
0.0004 212.222 600 0.0142 0.4687 0 0 1
-13.9316 209.27 600 0.1068 0.4491 0 0 1
0.0004 170.361 600 0.0142 0.1905 0 0 1
-13.9316 209.27 600 0.1068 0.4491 0 0 1
-25.1748 204.014 600 0.1815 0.4141 0 0 1
0.0004 170.361 600 0.0142 0.1905 0 0 1
-25.1748 204.014 600 0.1815 0.4141 0 0 1
-33.7292 196.453 600 0.2383 0.3639 0 0 1
0.0004 170.361 600 0.0142 0.1905 0 0 1
-33.7292 196.453 600 0.2383 0.3639 0 0 1
-39.5947 186.588 600 0.2773 0.2983 0 0 1
0.0004 170.361 600 0.0142 0.1905 0 0 1
-39.5947 186.588 600 0.2773 0.2983 0 0 1
-42.7714 174.419 600 0.2984 0.2174 0 0 1
-75.382 152.245 600 0.5152 0.0701 0 -0 1
-79.9984 144 600 0.5458 0.0153 0 -0 1
-19.9996 144 600 0.1471 0.0153 0 -0 1
-69.3999 158.165 600 0.4754 0.1094 0 -0 1
-75.382 152.245 600 0.5152 0.0701 0 -0 1
-19.9996 144 600 0.1471 0.0153 0 -0 1
-69.3999 158.165 600 0.4754 0.1094 0 0 1
-19.9996 144 600 0.1471 0.0153 0 0 1
-19.9996 150.361 600 0.1471 0.0576 0 0 1
-69.3999 158.165 600 0.4754 0.1094 0 -0 1
-19.9996 150.361 600 0.1471 0.0576 0 -0 1
-18.5954 157.723 600 0.1378 0.1065 0 -0 1
-53.3386 162.016 600 0.3687 0.135 0 -0 1
-62.0521 161.422 600 0.4266 0.1311 0 -0 1
-69.3999 158.165 600 0.4754 0.1094 0 -0 1
-43.2593 159.946 600 0.3017 0.1213 0 0 1
-53.3386 162.016 600 0.3687 0.135 0 0 1
-69.3999 158.165 600 0.4754 0.1094 0 0 1
-7.3615 168.957 600 0.0631 0.1811 0 0 1
0.0004 170.361 600 0.0142 0.1905 0 0 1
-42.7714 174.419 600 0.2984 0.2174 0 0 1
-7.3615 168.957 600 0.0631 0.1811 0 0 1
-42.7714 174.419 600 0.2984 0.2174 0 0 1
-43.2593 159.946 600 0.3017 0.1213 0 0 1
-14.1417 164.504 600 0.1082 0.1515 0 0 1
-7.3615 168.957 600 0.0631 0.1811 0 0 1
-43.2593 159.946 600 0.3017 0.1213 0 0 1
-18.5954 157.723 600 0.1378 0.1065 0 0 1
-14.1417 164.504 600 0.1082 0.1515 0 0 1
-43.2593 159.946 600 0.3017 0.1213 0 0 1
-43.2593 159.946 600 0.3017 0.1213 0 0 1
-69.3999 158.165 600 0.4754 0.1094 0 0 1
-18.5954 157.723 600 0.1378 0.1065 0 0 1
272.001 170.361 -0.001 0.0142 0.1905 -1 0 0
272.001 212.222 -0.001 0.0142 0.4687 -1 0 0
272.001 209.27 -13.933 0.1068 0.4491 -1 0 0
272.001 170.361 -0.001 0.0142 0.1905 -1 0 0
272.001 209.27 -13.933 0.1068 0.4491 -1 0 0
272.001 204.014 -25.1761 0.1815 0.4141 -1 0 0
272.001 170.361 -0.001 0.0142 0.1905 -1 0 0
272.001 204.014 -25.1761 0.1815 0.4141 -1 0 0
272.001 196.453 -33.7305 0.2383 0.3639 -1 0 0
272.001 170.361 -0.001 0.0142 0.1905 -1 0 0
272.001 196.453 -33.7305 0.2383 0.3639 -1 0 0
272.001 186.588 -39.5961 0.2773 0.2983 -1 0 0
272.001 170.361 -0.001 0.0142 0.1905 -1 0 0
272.001 186.588 -39.5961 0.2773 0.2983 -1 0 0
272.001 174.419 -42.7728 0.2984 0.2174 -1 0 0
272.001 152.245 -75.3834 0.5152 0.0701 -1 0 0
272.001 144 -79.9998 0.5458 0.0153 -1 0 0
272.001 144 -20.001 0.1471 0.0153 -1 0 0
272.001 158.165 -69.4012 0.4754 0.1094 -1 0 0
272.001 152.245 -75.3834 0.5152 0.0701 -1 0 0
272.001 144 -20.001 0.1471 0.0153 -1 0 0
272.001 158.165 -69.4012 0.4754 0.1094 -1 0 0
272.001 144 -20.001 0.1471 0.0153 -1 0 0
272.001 150.361 -20.001 0.1471 0.0576 -1 0 0
272.001 158.165 -69.4012 0.4754 0.1094 -1 0 0
272.001 150.361 -20.001 0.1471 0.0576 -1 0 0
272.001 157.723 -18.5967 0.1378 0.1065 -1 0 0
272.001 162.016 -53.34 0.3687 0.135 -1 0 0
272.001 161.422 -62.0535 0.4266 0.1311 -1 0 0
272.001 158.165 -69.4012 0.4754 0.1094 -1 0 0
272.001 159.946 -43.2606 0.3017 0.1213 -1 0 0
272.001 162.016 -53.34 0.3687 0.135 -1 0 0
272.001 158.165 -69.4012 0.4754 0.1094 -1 0 0
272.001 168.957 -7.3629 0.0631 0.1811 -1 0 0
272.001 170.361 -0.001 0.0142 0.1905 -1 0 0
272.001 174.419 -42.7728 0.2984 0.2174 -1 0 0
272.001 168.957 -7.3629 0.0631 0.1811 -1 0 0
272.001 174.419 -42.7728 0.2984 0.2174 -1 0 0
272.001 159.946 -43.2606 0.3017 0.1213 -1 0 0
272.001 164.504 -14.1431 0.1082 0.1515 -1 0 0
272.001 168.957 -7.3629 0.0631 0.1811 -1 0 0
272.001 159.946 -43.2606 0.3017 0.1213 -1 0 0
272.001 157.723 -18.5967 0.1378 0.1065 -1 0 0
272.001 164.504 -14.1431 0.1082 0.1515 -1 0 0
272.001 159.946 -43.2606 0.3017 0.1213 -1 0 0
272.001 159.946 -43.2606 0.3017 0.1213 -1 0 0
272.001 158.165 -69.4012 0.4754 0.1094 -1 0 0
272.001 157.723 -18.5967 0.1378 0.1065 -1 0 0
280.001 209.27 -13.933 0.1068 0.4491 1 0 0
280.001 212.222 -0.001 0.0142 0.4687 1 0 0
280.001 170.361 -0.001 0.0142 0.1905 1 0 0
280.001 204.014 -25.1761 0.1815 0.4141 1 0 0
280.001 209.27 -13.933 0.1068 0.4491 1 0 0
280.001 170.361 -0.001 0.0142 0.1905 1 0 0
280.001 196.453 -33.7305 0.2383 0.3639 1 0 0
280.001 204.014 -25.1761 0.1815 0.4141 1 0 0
280.001 170.361 -0.001 0.0142 0.1905 1 0 0
280.001 186.588 -39.5961 0.2773 0.2983 1 0 0
280.001 196.453 -33.7305 0.2383 0.3639 1 0 0
280.001 170.361 -0.001 0.0142 0.1905 1 0 0
280.001 174.419 -42.7728 0.2984 0.2174 1 0 0
280.001 186.588 -39.5961 0.2773 0.2983 1 0 0
280.001 170.361 -0.001 0.0142 0.1905 1 0 0
280.001 144 -20.001 0.1471 0.0153 1 0 0
280.001 144 -79.9998 0.5458 0.0153 1 0 0
280.001 152.245 -75.3834 0.5152 0.0701 1 0 0
280.001 144 -20.001 0.1471 0.0153 1 0 0
280.001 152.245 -75.3834 0.5152 0.0701 1 0 0
280.001 158.165 -69.4012 0.4754 0.1094 1 0 0
280.001 150.361 -20.001 0.1471 0.0576 1 0 0
280.001 144 -20.001 0.1471 0.0153 1 0 0
280.001 158.165 -69.4012 0.4754 0.1094 1 0 0
280.001 157.723 -18.5967 0.1378 0.1065 1 0 0
280.001 150.361 -20.001 0.1471 0.0576 1 0 0
280.001 158.165 -69.4012 0.4754 0.1094 1 0 0
280.001 158.165 -69.4012 0.4754 0.1094 1 0 0
280.001 161.422 -62.0535 0.4266 0.1311 1 0 0
280.001 162.016 -53.34 0.3687 0.135 1 0 0
280.001 158.165 -69.4012 0.4754 0.1094 1 0 0
280.001 162.016 -53.34 0.3687 0.135 1 0 0
280.001 159.946 -43.2606 0.3017 0.1213 1 0 0
280.001 174.419 -42.7728 0.2984 0.2174 1 0 0
280.001 170.361 -0.001 0.0142 0.1905 1 0 0
280.001 168.957 -7.3629 0.0631 0.1811 1 0 0
280.001 159.946 -43.2606 0.3017 0.1213 1 0 0
280.001 174.419 -42.7728 0.2984 0.2174 1 0 0
280.001 168.957 -7.3629 0.0631 0.1811 1 0 0
280.001 159.946 -43.2606 0.3017 0.1213 1 0 0
280.001 168.957 -7.3629 0.0631 0.1811 1 0 0
280.001 164.504 -14.1431 0.1082 0.1515 1 0 0
280.001 159.946 -43.2606 0.3017 0.1213 1 0 0
280.001 164.504 -14.1431 0.1082 0.1515 1 0 0
280.001 157.723 -18.5967 0.1378 0.1065 1 0 0
280.001 157.723 -18.5967 0.1378 0.1065 1 0 0
280.001 158.165 -69.4012 0.4754 0.1094 1 0 0
280.001 159.946 -43.2606 0.3017 0.1213 1 0 0
-272.001 209.27 -13.933 0.1068 0.4491 1 0 0
-272.001 212.222 -0.001 0.0142 0.4687 1 0 0
-272.001 170.361 -0.001 0.0142 0.1905 1 0 0
-272.001 204.014 -25.1761 0.1815 0.4141 1 0 0
-272.001 209.27 -13.933 0.1068 0.4491 1 0 0
-272.001 170.361 -0.001 0.0142 0.1905 1 0 0
-272.001 196.453 -33.7305 0.2383 0.3639 1 0 0
-272.001 204.014 -25.1761 0.1815 0.4141 1 0 0
-272.001 170.361 -0.001 0.0142 0.1905 1 0 0
-272.001 186.588 -39.5961 0.2773 0.2983 1 0 0
-272.001 196.453 -33.7305 0.2383 0.3639 1 0 0
-272.001 170.361 -0.001 0.0142 0.1905 1 0 0
-272.001 174.419 -42.7728 0.2984 0.2174 1 0 0
-272.001 186.588 -39.5961 0.2773 0.2983 1 0 0
-272.001 170.361 -0.001 0.0142 0.1905 1 0 0
-272.001 144 -20.001 0.1471 0.0153 1 0 0
-272.001 144 -79.9998 0.5458 0.0153 1 0 0
-272.001 152.245 -75.3834 0.5152 0.0701 1 0 0
-272.001 144 -20.001 0.1471 0.0153 1 0 0
-272.001 152.245 -75.3834 0.5152 0.0701 1 0 0
-272.001 158.165 -69.4012 0.4754 0.1094 1 0 0
-272.001 150.361 -20.001 0.1471 0.0576 1 0 0
-272.001 144 -20.001 0.1471 0.0153 1 0 0
-272.001 158.165 -69.4012 0.4754 0.1094 1 0 0
-272.001 157.723 -18.5967 0.1378 0.1065 1 0 0
-272.001 150.361 -20.001 0.1471 0.0576 1 0 0
-272.001 158.165 -69.4012 0.4754 0.1094 1 0 0
-272.001 158.165 -69.4012 0.4754 0.1094 1 0 0
-272.001 161.422 -62.0535 0.4266 0.1311 1 0 0
-272.001 162.016 -53.34 0.3687 0.135 1 0 0
-272.001 158.165 -69.4012 0.4754 0.1094 1 0 0
-272.001 162.016 -53.34 0.3687 0.135 1 0 0
-272.001 159.946 -43.2606 0.3017 0.1213 1 0 0
-272.001 174.419 -42.7728 0.2984 0.2174 1 0 0
-272.001 170.361 -0.001 0.0142 0.1905 1 0 0
-272.001 168.957 -7.3629 0.0631 0.1811 1 0 0
-272.001 159.946 -43.2606 0.3017 0.1213 1 0 0
-272.001 174.419 -42.7728 0.2984 0.2174 1 0 0
-272.001 168.957 -7.3629 0.0631 0.1811 1 0 0
-272.001 159.946 -43.2606 0.3017 0.1213 1 0 0
-272.001 168.957 -7.3629 0.0631 0.1811 1 0 0
-272.001 164.504 -14.1431 0.1082 0.1515 1 0 0
-272.001 159.946 -43.2606 0.3017 0.1213 1 0 0
-272.001 164.504 -14.1431 0.1082 0.1515 1 0 0
-272.001 157.723 -18.5967 0.1378 0.1065 1 0 0
-272.001 157.723 -18.5967 0.1378 0.1065 1 0 0
-272.001 158.165 -69.4012 0.4754 0.1094 1 0 0
-272.001 159.946 -43.2606 0.3017 0.1213 1 0 0
-280.001 170.361 -0.001 0.0142 0.1905 -1 0 0
-280.001 212.222 -0.001 0.0142 0.4687 -1 0 0
-280.001 209.27 -13.933 0.1068 0.4491 -1 0 0
-280.001 170.361 -0.001 0.0142 0.1905 -1 0 0
-280.001 209.27 -13.933 0.1068 0.4491 -1 0 0
-280.001 204.014 -25.1761 0.1815 0.4141 -1 0 0
-280.001 170.361 -0.001 0.0142 0.1905 -1 0 0
-280.001 204.014 -25.1761 0.1815 0.4141 -1 0 0
-280.001 196.453 -33.7305 0.2383 0.3639 -1 0 0
-280.001 170.361 -0.001 0.0142 0.1905 -1 0 0
-280.001 196.453 -33.7305 0.2383 0.3639 -1 0 0
-280.001 186.588 -39.5961 0.2773 0.2983 -1 0 0
-280.001 170.361 -0.001 0.0142 0.1905 -1 0 0
-280.001 186.588 -39.5961 0.2773 0.2983 -1 0 0
-280.001 174.419 -42.7728 0.2984 0.2174 -1 0 0
-280.001 152.245 -75.3834 0.5152 0.0701 -1 0 0
-280.001 144 -79.9998 0.5458 0.0153 -1 0 0
-280.001 144 -20.001 0.1471 0.0153 -1 0 0
-280.001 158.165 -69.4012 0.4754 0.1094 -1 0 0
-280.001 152.245 -75.3834 0.5152 0.0701 -1 0 0
-280.001 144 -20.001 0.1471 0.0153 -1 0 0
-280.001 158.165 -69.4012 0.4754 0.1094 -1 0 0
-280.001 144 -20.001 0.1471 0.0153 -1 0 0
-280.001 150.361 -20.001 0.1471 0.0576 -1 0 0
-280.001 158.165 -69.4012 0.4754 0.1094 -1 0 0
-280.001 150.361 -20.001 0.1471 0.0576 -1 0 0
-280.001 157.723 -18.5967 0.1378 0.1065 -1 0 0
-280.001 162.016 -53.34 0.3687 0.135 -1 0 0
-280.001 161.422 -62.0535 0.4266 0.1311 -1 0 0
-280.001 158.165 -69.4012 0.4754 0.1094 -1 0 0
-280.001 159.946 -43.2606 0.3017 0.1213 -1 0 0
-280.001 162.016 -53.34 0.3687 0.135 -1 0 0
-280.001 158.165 -69.4012 0.4754 0.1094 -1 0 0
-280.001 168.957 -7.3629 0.0631 0.1811 -1 0 0
-280.001 170.361 -0.001 0.0142 0.1905 -1 0 0
-280.001 174.419 -42.7728 0.2984 0.2174 -1 0 0
-280.001 168.957 -7.3629 0.0631 0.1811 -1 0 0
-280.001 174.419 -42.7728 0.2984 0.2174 -1 0 0
-280.001 159.946 -43.2606 0.3017 0.1213 -1 0 0
-280.001 164.504 -14.1431 0.1082 0.1515 -1 0 0
-280.001 168.957 -7.3629 0.0631 0.1811 -1 0 0
-280.001 159.946 -43.2606 0.3017 0.1213 -1 0 0
-280.001 157.723 -18.5967 0.1378 0.1065 -1 0 0
-280.001 164.504 -14.1431 0.1082 0.1515 -1 0 0
-280.001 159.946 -43.2606 0.3017 0.1213 -1 0 0
-280.001 159.946 -43.2606 0.3017 0.1213 -1 0 0
-280.001 158.165 -69.4012 0.4754 0.1094 -1 0 0
-280.001 157.723 -18.5967 0.1378 0.1065 -1 0 0
