Vertex Count: 1200

Data:

-136.56 107.686 -649.231 0.0059 0.6555 -0.0601 -0.1827 -0.9813
-118.29 124.228 -653.429 0.1541 0.6845 -0.0601 -0.1827 -0.9813
-133.484 102.756 -648.501 -0.0206 0.6845 -0.0601 -0.1827 -0.9813
-118.29 124.228 -653.429 0.1541 0.6845 -0.0601 -0.1827 -0.9813
-136.56 107.686 -649.231 0.0059 0.6555 -0.0601 -0.1827 -0.9813
-121.366 129.158 -654.159 0.1806 0.6555 -0.0601 -0.1827 -0.9813
39.0036 211.218 672.992 -0.0172 0.6523 0.0367 -0.1686 0.985
18.1773 217.639 674.868 0.1772 0.6877 0.0367 -0.1686 0.985
35.9281 206.287 672.263 0.0002 0.6877 0.0367 -0.1686 0.985
18.1773 217.639 674.868 0.1772 0.6877 0.0367 -0.1686 0.985
39.0036 211.218 672.992 -0.0172 0.6523 0.0367 -0.1686 0.985
21.2528 222.57 675.597 0.1598 0.6523 0.0367 -0.1686 0.985
176.511 28.219 631.394 0.1604 0.6834 0.0725 -0.1901 0.9791
193.076 4.9304 625.648 -0.0004 0.6566 0.0725 -0.1901 0.9791
179.586 33.1493 632.124 0.1803 0.6566 0.0725 -0.1901 0.9791
193.076 4.9304 625.648 -0.0004 0.6566 0.0725 -0.1901 0.9791
176.511 28.219 631.394 0.1604 0.6834 0.0725 -0.1901 0.9791
190 -0 624.918 -0.0203 0.6834 0.0725 -0.1901 0.9791
-118.29 124.228 653.429 0.0059 0.6845 -0.0601 -0.1827 0.9813
-136.559 107.686 649.231 0.1541 0.6555 -0.0601 -0.1827 0.9813
-133.484 102.756 648.501 0.1806 0.6845 -0.0601 -0.1827 0.9813
-136.559 107.686 649.231 0.1541 0.6555 -0.0601 -0.1827 0.9813
-118.29 124.228 653.429 0.0059 0.6845 -0.0601 -0.1827 0.9813
-121.365 129.158 654.159 -0.0206 0.6555 -0.0601 -0.1827 0.9813
350.868 217.639 18.1769 -0.0175 0.686 0.9452 -0.3199 -0.0659
350.071 211.218 37.9247 0.1775 0.654 0.9452 -0.3199 -0.0659
348.263 206.287 35.9276 0.168 0.686 0.9452 -0.3199 -0.0659
350.071 211.218 37.9247 0.1775 0.654 0.9452 -0.3199 -0.0659
350.868 217.639 18.1769 -0.0175 0.686 0.9452 -0.3199 -0.0659
352.676 222.57 20.1738 -0.008 0.654 0.9452 -0.3199 -0.0659
302.726 4.9304 191.997 0.1607 0.6587 0.9464 -0.2875 -0.147
307.395 28.219 176.51 -0.0007 0.6813 0.9464 -0.2875 -0.147
309.203 33.1493 178.507 -0.022 0.6587 0.9464 -0.2875 -0.147
307.395 28.219 176.51 -0.0007 0.6813 0.9464 -0.2875 -0.147
302.726 4.9304 191.997 0.1607 0.6587 0.9464 -0.2875 -0.147
300.918 0 190 0.182 0.6813 0.9464 -0.2875 -0.147
326.309 107.686 -135.481 0.0056 0.6573 0.9468 -0.2999 0.1167
329.429 124.228 -118.29 0.1544 0.6827 0.9468 -0.2999 0.1167
324.501 102.756 -133.484 -0.0223 0.6827 0.9468 -0.2999 0.1167
329.429 124.228 -118.29 0.1544 0.6827 0.9468 -0.2999 0.1167
326.309 107.686 -135.481 0.0056 0.6573 0.9468 -0.2999 0.1167
331.237 129.158 -120.287 0.1823 0.6573 0.9468 -0.2999 0.1167
-350.868 217.639 18.1772 0.126 0.6834 -0.9452 -0.3199 -0.0659
-350.071 211.218 37.925 0.034 0.6566 -0.9452 -0.3199 -0.0659
-352.676 222.57 20.1743 0.1354 0.6566 -0.9452 -0.3199 -0.0659
-350.071 211.218 37.925 0.034 0.6566 -0.9452 -0.3199 -0.0659
-350.868 217.639 18.1772 0.126 0.6834 -0.9452 -0.3199 -0.0659
-348.263 206.287 35.9281 0.0246 0.6834 -0.9452 -0.3199 -0.0659
-307.395 28.219 176.511 0.1607 0.6813 -0.9464 -0.2875 -0.147
-302.726 4.9304 191.997 -0.0007 0.6587 -0.9464 -0.2875 -0.147
-309.203 33.1493 178.508 0.182 0.6587 -0.9464 -0.2875 -0.147
-302.726 4.9304 191.997 -0.0007 0.6587 -0.9464 -0.2875 -0.147
-307.395 28.219 176.511 0.1607 0.6813 -0.9464 -0.2875 -0.147
-300.918 -0 190 -0.022 0.6813 -0.9464 -0.2875 -0.147
-326.309 107.686 -135.481 0.1544 0.6573 -0.9468 -0.2999 0.1168
-329.429 124.228 -118.29 0.0056 0.6827 -0.9468 -0.2999 0.1168
-331.237 129.158 -120.287 -0.0223 0.6573 -0.9468 -0.2999 0.1168
-329.429 124.228 -118.29 0.0056 0.6827 -0.9468 -0.2999 0.1168
-326.309 107.686 -135.481 0.1544 0.6573 -0.9468 -0.2999 0.1168
-324.501 102.756 -133.484 0.1823 0.6827 -0.9468 -0.2999 0.1168
-192.926 4.9304 -191.997 -1.5885 1.7401 -0 -0.3754 -0.9269
-300.918 -0 -190 -2.7668 1.7939 -0 -0.3754 -0.9269
-302.726 4.9304 -191.997 -2.7866 1.7401 -0 -0.3754 -0.9269
-300.918 -0 -190 -2.7668 1.7939 -0.0089 -0.2015 -0.9794
-192.926 4.9304 -191.997 -1.5885 1.7401 -0.0089 -0.2015 -0.9794
-191 0 -191 -1.5675 1.7939 -0.0089 -0.2015 -0.9794
136.56 107.686 -649.231 -6.6021 0.6193 0.8432 0.5377 0
151.328 84.5271 -150.249 -1.1399 0.8728 0.8432 0.5377 0
151.328 84.5271 -643.916 -6.5439 0.8728 0.8432 0.5377 0
151.328 84.5271 -150.249 -1.1399 0.8728 0.8432 0.5377 0
136.56 107.686 -649.231 -6.6021 0.6193 0.8432 0.5377 0
136.56 107.686 -135.481 -0.9782 0.6193 0.8432 0.5377 0
3.0755 232.235 -677.816 -6.915 -0.7441 0.4695 0.8829 0
21.2524 222.57 -20.1739 0.284 -0.6383 0.4695 0.8829 0
21.2524 222.57 -675.597 -6.8907 -0.6383 0.4695 0.8829 0
21.2524 222.57 -20.1739 0.284 -0.6383 0.4695 0.8829 0
3.0755 232.235 -677.816 -6.915 -0.7441 0.4695 0.8829 0
3.0755 232.235 -1.9969 0.483 -0.7441 0.4695 0.8829 0
-89.699 167.042 -88.6205 -0.4653 -0.0305001 -0.7058 0.7084 0
-73.2265 183.454 -666.62 -6.7924 -0.2101 -0.7058 0.7084 0
-89.699 167.042 -662.854 -6.7512 -0.0305001 -0.7058 0.7084 0
-73.2265 183.454 -666.62 -6.7924 -0.2101 -0.7058 0.7084 0
-89.699 167.042 -88.6205 -0.4653 -0.0305001 -0.7058 0.7084 0
-73.2265 183.454 -72.148 -0.285 -0.2101 -0.7058 0.7084 0
151.328 84.5271 150.249 2.1399 0.8728 0.8432 0.5377 -0
136.56 107.686 649.231 7.6021 0.6193 0.8432 0.5377 -0
151.328 84.5271 643.916 7.5439 0.8728 0.8432 0.5377 -0
136.56 107.686 649.231 7.6021 0.6193 0.8432 0.5377 -0
151.328 84.5271 150.249 2.1399 0.8728 0.8432 0.5377 -0
136.56 107.686 135.481 1.9782 0.6193 0.8432 0.5377 -0
21.2524 222.57 20.174 0.716 -0.6383 0.4695 0.8829 0
3.0759 232.235 677.816 7.915 -0.7441 0.4695 0.8829 0
21.2528 222.57 675.597 7.8907 -0.6383 0.4695 0.8829 0
3.0759 232.235 677.816 7.915 -0.7441 0.4695 0.8829 0
21.2524 222.57 20.174 0.716 -0.6383 0.4695 0.8829 0
3.0755 232.235 1.9972 0.517 -0.7441 0.4695 0.8829 0
-73.2261 183.454 666.62 7.7924 -0.2101 -0.7058 0.7084 0
-89.6989 167.042 88.6207 1.4653 -0.0305001 -0.7058 0.7084 0
-89.6986 167.042 662.854 7.7512 -0.0305001 -0.7058 0.7084 0
-89.6989 167.042 88.6207 1.4653 -0.0305001 -0.7058 0.7084 0
-73.2261 183.454 666.62 7.7924 -0.2101 -0.7058 0.7084 0
-73.2265 183.454 72.1481 1.285 -0.2101 -0.7058 0.7084 0
326.309 107.686 135.481 4.0439 0.6189 0 0.5377 0.8432
151.328 84.5271 150.249 2.1346 0.8716 0 0.5377 0.8432
320.994 84.5271 150.249 3.9859 0.8716 0 0.5377 0.8432
151.328 84.5271 150.249 2.1346 0.8716 0 0.5377 0.8432
326.309 107.686 135.481 4.0439 0.6189 0 0.5377 0.8432
136.56 107.686 135.481 1.9735 0.6189 0 0.5377 0.8432
354.894 232.235 1.9969 4.3558 -0.7401 0 0.8829 0.4695
21.2524 222.57 20.174 0.7153 -0.6346 0 0.8829 0.4695
352.676 222.57 20.1738 4.3316 -0.6346 0 0.8829 0.4695
21.2524 222.57 20.174 0.7153 -0.6346 0 0.8829 0.4695
354.894 232.235 1.9969 4.3558 -0.7401 0 0.8829 0.4695
3.0755 232.235 1.9972 0.517 -0.7401 0 0.8829 0.4695
89.699 167.042 -88.6205 1.4622 -0.0288 0 0.7084 -0.7058
343.699 183.454 -72.1481 4.2336 -0.2078 0 0.7084 -0.7058
339.932 167.042 -88.6205 4.1925 -0.0288 0 0.7084 -0.7058
343.699 183.454 -72.1481 4.2336 -0.2078 0 0.7084 -0.7058
89.699 167.042 -88.6205 1.4622 -0.0288 0 0.7084 -0.7058
73.2265 183.454 -72.148 1.2824 -0.2078 0 0.7084 -0.7058
-151.328 84.5271 150.25 -1.1346 0.8716 0 0.5377 0.8432
-326.309 107.686 135.482 -3.0439 0.6189 0 0.5377 0.8432
-320.994 84.5271 150.25 -2.9859 0.8716 0 0.5377 0.8432
-326.309 107.686 135.482 -3.0439 0.6189 0 0.5377 0.8432
-151.328 84.5271 150.25 -1.1346 0.8716 0 0.5377 0.8432
-136.56 107.686 135.482 -0.9735 0.6189 0 0.5377 0.8432
-21.2524 222.57 20.1741 0.2847 -0.6346 0 0.8829 0.4695
-354.894 232.235 1.9973 -3.3558 -0.7401 0 0.8829 0.4695
-352.676 222.57 20.1743 -3.3316 -0.6346 0 0.8829 0.4695
-354.894 232.235 1.9973 -3.3558 -0.7401 0 0.8829 0.4695
-21.2524 222.57 20.1741 0.2847 -0.6346 0 0.8829 0.4695
-3.0755 232.235 1.9972 0.483 -0.7401 0 0.8829 0.4695
-343.699 183.454 -72.1476 -3.2336 -0.2078 -0 0.7084 -0.7058
-89.699 167.042 -88.6205 -0.4622 -0.0288 -0 0.7084 -0.7058
-339.932 167.042 -88.6201 -3.1925 -0.0288 -0 0.7084 -0.7058
-89.699 167.042 -88.6205 -0.4622 -0.0288 -0 0.7084 -0.7058
-343.699 183.454 -72.1476 -3.2336 -0.2078 -0 0.7084 -0.7058
-73.2265 183.454 -72.148 -0.2824 -0.2078 -0 0.7084 -0.7058
18.1769 217.639 -674.868 0.011 0.6898 0.0367 -0.1686 -0.985
39.0032 211.218 -672.992 0.153 0.6502 0.0367 -0.1686 -0.985
35.9277 206.287 -672.263 0.1539 0.6898 0.0367 -0.1686 -0.985
39.0032 211.218 -672.992 0.153 0.6502 0.0367 -0.1686 -0.985
18.1769 217.639 -674.868 0.011 0.6898 0.0367 -0.1686 -0.985
21.2524 222.57 -675.597 0.0101 0.6502 0.0367 -0.1686 -0.985
193.076 4.9304 -625.648 0.17 0.6539 0.0725 -0.1901 -0.9791
176.51 28.219 -631.394 -0.006 0.6861 0.0725 -0.1901 -0.9791
179.586 33.1493 -632.124 -0.0224 0.6539 0.0725 -0.1901 -0.9791
176.51 28.219 -631.394 -0.006 0.6861 0.0725 -0.1901 -0.9791
193.076 4.9304 -625.648 0.17 0.6539 0.0725 -0.1901 -0.9791
190 0 -624.918 0.1864 0.6861 0.0725 -0.1901 -0.9791
-121.366 129.158 -654.159 0.0081 0.655 -0.0567 -0.1806 -0.9819
-102.67 144.013 -657.97 0.1519 0.685 -0.0567 -0.1806 -0.9819
-118.29 124.228 -653.429 -0.0206 0.685 -0.0567 -0.1806 -0.9819
-102.67 144.013 -657.97 0.1519 0.685 -0.0567 -0.1806 -0.9819
-121.366 129.158 -654.159 0.0081 0.655 -0.0567 -0.1806 -0.9819
-105.745 148.943 -658.7 0.1806 0.655 -0.0567 -0.1806 -0.9819
35.9281 206.287 672.263 0.1778 0.6867 0.0411 -0.1713 0.9844
56.3283 198.179 670 -0.0178 0.6533 0.0411 -0.1713 0.9844
39.0036 211.218 672.992 0.1595 0.6533 0.0411 -0.1713 0.9844
56.3283 198.179 670 -0.0178 0.6533 0.0411 -0.1713 0.9844
35.9281 206.287 672.263 0.1778 0.6867 0.0411 -0.1713 0.9844
53.2528 193.249 669.27 0.0005 0.6867 0.0411 -0.1713 0.9844
179.586 33.1493 632.124 0.0009 0.6564 0.0696 -0.1883 0.9796
162.595 54.7512 637.484 0.1591 0.6836 0.0696 -0.1883 0.9796
176.511 28.219 631.394 -0.0204 0.6836 0.0696 -0.1883 0.9796
162.595 54.7512 637.484 0.1591 0.6836 0.0696 -0.1883 0.9796
179.586 33.1493 632.124 0.0009 0.6564 0.0696 -0.1883 0.9796
165.67 59.6816 638.213 0.1804 0.6564 0.0696 -0.1883 0.9796
-102.67 144.013 657.97 0.0081 0.685 -0.0567 -0.1806 0.9819
-121.365 129.158 654.159 0.1519 0.655 -0.0567 -0.1806 0.9819
-118.29 124.228 653.429 0.1806 0.685 -0.0567 -0.1806 0.9819
-121.365 129.158 654.159 0.1519 0.655 -0.0567 -0.1806 0.9819
-102.67 144.013 657.97 0.0081 0.685 -0.0567 -0.1806 0.9819
-105.745 148.943 658.7 -0.0206 0.655 -0.0567 -0.1806 0.9819
348.263 206.287 35.9276 0.0327 0.6824 0.9456 -0.3165 -0.0748
347.078 198.179 55.2493 0.1273 0.6576 0.9456 -0.3165 -0.0748
345.27 193.249 53.2523 0.1355 0.6824 0.9456 -0.3165 -0.0748
347.078 198.179 55.2493 0.1273 0.6576 0.9456 -0.3165 -0.0748
348.263 206.287 35.9276 0.0327 0.6824 0.9456 -0.3165 -0.0748
350.071 211.218 37.9247 0.0245 0.6576 0.9456 -0.3165 -0.0748
313.484 54.7512 162.594 0.0006 0.6816 0.9466 -0.2905 -0.1397
309.203 33.1493 178.507 0.1594 0.6584 0.9466 -0.2905 -0.1397
307.395 28.219 176.51 0.1821 0.6816 0.9466 -0.2905 -0.1397
309.203 33.1493 178.507 0.1594 0.6584 0.9466 -0.2905 -0.1397
313.484 54.7512 162.594 0.0006 0.6816 0.9466 -0.2905 -0.1397
315.292 59.6816 164.591 -0.0221 0.6584 0.9466 -0.2905 -0.1397
331.237 129.158 -120.287 0.0077 0.6567 0.9467 -0.3031 0.1087
333.97 144.013 -102.67 0.1523 0.6833 0.9467 -0.3031 0.1087
329.429 124.228 -118.29 -0.0223 0.6833 0.9467 -0.3031 0.1087
333.97 144.013 -102.67 0.1523 0.6833 0.9467 -0.3031 0.1087
331.237 129.158 -120.287 0.0077 0.6567 0.9467 -0.3031 0.1087
335.778 148.943 -104.667 0.1823 0.6567 0.9467 -0.3031 0.1087
-347.078 198.179 55.2497 0.0327 0.6576 -0.9456 -0.3165 -0.0748
-348.263 206.287 35.9281 0.1273 0.6824 -0.9456 -0.3165 -0.0748
-345.27 193.249 53.2527 0.0245 0.6824 -0.9456 -0.3165 -0.0748
-348.263 206.287 35.9281 0.1273 0.6824 -0.9456 -0.3165 -0.0748
-347.078 198.179 55.2497 0.0327 0.6576 -0.9456 -0.3165 -0.0748
-350.071 211.218 37.925 0.1355 0.6576 -0.9456 -0.3165 -0.0748
-309.203 33.1493 178.508 0.0006 0.6584 -0.9466 -0.2905 -0.1397
-313.484 54.7512 162.595 0.1594 0.6816 -0.9466 -0.2905 -0.1397
-307.395 28.219 176.511 -0.0221 0.6816 -0.9466 -0.2905 -0.1397
-313.484 54.7512 162.595 0.1594 0.6816 -0.9466 -0.2905 -0.1397
-309.203 33.1493 178.508 0.0006 0.6584 -0.9466 -0.2905 -0.1397
-315.292 59.6816 164.592 0.1821 0.6584 -0.9466 -0.2905 -0.1397
-333.97 144.013 -102.67 0.0077 0.6833 -0.9467 -0.3031 0.1087
-331.237 129.158 -120.287 0.1523 0.6567 -0.9467 -0.3031 0.1087
-329.429 124.228 -118.29 0.1823 0.6833 -0.9467 -0.3031 0.1087
-331.237 129.158 -120.287 0.1523 0.6567 -0.9467 -0.3031 0.1087
-333.97 144.013 -102.67 0.0077 0.6833 -0.9467 -0.3031 0.1087
-335.778 148.943 -104.666 -0.0223 0.6567 -0.9467 -0.3031 0.1087
-190 0 -624.918 -6.3359 1.7981 -0.8485 -0.5293 0
-193.076 4.9304 -191.847 -1.5953 1.7441 -0.8485 -0.5293 0
-193.076 4.9304 -625.648 -6.3439 1.7441 -0.8485 -0.5293 0
-193.076 4.9304 -191.847 -1.5953 1.7441 -0.9215 -0.3883 -0.0021
-190 0 -624.918 -6.3359 1.7981 -0.9215 -0.3883 -0.0021
-191 0 -191 -1.586 1.7981 -0.9215 -0.3883 -0.0021
151.328 84.5271 -643.916 -6.5439 0.8728 0.8661 0.4999 0
165.67 59.6816 -164.591 -1.2969 1.1448 0.8661 0.4999 0
165.67 59.6816 -638.213 -6.4815 1.1448 0.8661 0.4999 0
165.67 59.6816 -164.591 -1.2969 1.1448 0.8661 0.4999 0
151.328 84.5271 -643.916 -6.5439 0.8728 0.8661 0.4999 0
151.328 84.5271 -150.249 -1.1399 0.8728 0.8661 0.4999 0
21.2524 222.57 -675.597 -6.8907 -0.6383 0.5388 0.8425 0
39.0032 211.218 -37.9247 0.0897 -0.514 0.5388 0.8425 0
39.0032 211.218 -672.992 -6.8622 -0.514 0.5388 0.8425 0
39.0032 211.218 -37.9247 0.0897 -0.514 0.5388 0.8425 0
21.2524 222.57 -675.597 -6.8907 -0.6383 0.5388 0.8425 0
21.2524 222.57 -20.1739 0.284 -0.6383 0.5388 0.8425 0
-105.745 148.943 -104.667 -0.6409 0.1676 -0.7483 0.6634 0
-89.699 167.042 -662.854 -6.7512 -0.0305001 -0.7483 0.6634 0
-105.745 148.943 -658.7 -6.7057 0.1676 -0.7483 0.6634 0
-89.699 167.042 -662.854 -6.7512 -0.0305001 -0.7483 0.6634 0
-105.745 148.943 -104.667 -0.6409 0.1676 -0.7483 0.6634 0
-89.699 167.042 -88.6205 -0.4653 -0.0305001 -0.7483 0.6634 0
165.67 59.6816 164.591 2.2969 1.1448 0.8661 0.4999 -0
151.328 84.5271 643.916 7.5439 0.8728 0.8661 0.4999 -0
165.67 59.6816 638.213 7.4815 1.1448 0.8661 0.4999 -0
151.328 84.5271 643.916 7.5439 0.8728 0.8661 0.4999 -0
165.67 59.6816 164.591 2.2969 1.1448 0.8661 0.4999 -0
151.328 84.5271 150.249 2.1399 0.8728 0.8661 0.4999 -0
39.0033 211.218 37.9249 0.9103 -0.514 0.5388 0.8425 0
21.2528 222.57 675.597 7.8907 -0.6383 0.5388 0.8425 0
39.0036 211.218 672.992 7.8622 -0.514 0.5388 0.8425 0
21.2528 222.57 675.597 7.8907 -0.6383 0.5388 0.8425 0
39.0033 211.218 37.9249 0.9103 -0.514 0.5388 0.8425 0
21.2524 222.57 20.174 0.716 -0.6383 0.5388 0.8425 0
-89.6986 167.042 662.854 7.7512 -0.0305001 -0.7483 0.6634 0
-105.745 148.943 104.667 1.6409 0.1676 -0.7483 0.6634 0
-105.745 148.943 658.7 7.7057 0.1676 -0.7483 0.6634 0
-105.745 148.943 104.667 1.6409 0.1676 -0.7483 0.6634 0
-89.6986 167.042 662.854 7.7512 -0.0305001 -0.7483 0.6634 0
-89.6989 167.042 88.6207 1.4653 -0.0305001 -0.7483 0.6634 0
320.994 84.5271 150.249 3.9859 0.8716 0 0.4999 0.8661
165.67 59.6816 164.591 2.2911 1.1427 0 0.4999 0.8661
315.292 59.6816 164.591 3.9237 1.1427 0 0.4999 0.8661
165.67 59.6816 164.591 2.2911 1.1427 0 0.4999 0.8661
320.994 84.5271 150.249 3.9859 0.8716 0 0.4999 0.8661
151.328 84.5271 150.249 2.1346 0.8716 0 0.4999 0.8661
352.676 222.57 20.1738 4.3316 -0.6346 0 0.8425 0.5388
39.0033 211.218 37.9249 0.909 -0.5108 0 0.8425 0.5388
350.071 211.218 37.9247 4.3032 -0.5108 0 0.8425 0.5388
39.0033 211.218 37.9249 0.909 -0.5108 0 0.8425 0.5388
352.676 222.57 20.1738 4.3316 -0.6346 0 0.8425 0.5388
21.2524 222.57 20.174 0.7153 -0.6346 0 0.8425 0.5388
105.745 148.943 -104.667 1.6372 0.1687 0 0.6634 -0.7483
339.932 167.042 -88.6205 4.1925 -0.0288 0 0.6634 -0.7483
335.778 148.943 -104.667 4.1472 0.1687 0 0.6634 -0.7483
339.932 167.042 -88.6205 4.1925 -0.0288 0 0.6634 -0.7483
105.745 148.943 -104.667 1.6372 0.1687 0 0.6634 -0.7483
89.699 167.042 -88.6205 1.4622 -0.0288 0 0.6634 -0.7483
-165.67 59.6816 164.592 -1.2911 1.1427 0 0.4999 0.8661
-320.994 84.5271 150.25 -2.9859 0.8716 0 0.4999 0.8661
-315.292 59.6816 164.592 -2.9237 1.1427 0 0.4999 0.8661
-320.994 84.5271 150.25 -2.9859 0.8716 0 0.4999 0.8661
-165.67 59.6816 164.592 -1.2911 1.1427 0 0.4999 0.8661
-151.328 84.5271 150.25 -1.1346 0.8716 0 0.4999 0.8661
-39.0032 211.218 37.9249 0.091 -0.5108 0 0.8425 0.5388
-352.676 222.57 20.1743 -3.3316 -0.6346 0 0.8425 0.5388
-350.071 211.218 37.925 -3.3032 -0.5108 0 0.8425 0.5388
-352.676 222.57 20.1743 -3.3316 -0.6346 0 0.8425 0.5388
-39.0032 211.218 37.9249 0.091 -0.5108 0 0.8425 0.5388
-21.2524 222.57 20.1741 0.2847 -0.6346 0 0.8425 0.5388
-339.932 167.042 -88.6201 -3.1925 -0.0288 -0 0.6634 -0.7483
-105.745 148.943 -104.667 -0.6372 0.1687 -0 0.6634 -0.7483
-335.778 148.943 -104.666 -3.1472 0.1687 -0 0.6634 -0.7483
-105.745 148.943 -104.667 -0.6372 0.1687 -0 0.6634 -0.7483
-339.932 167.042 -88.6201 -3.1925 -0.0288 -0 0.6634 -0.7483
-89.699 167.042 -88.6205 -0.4622 -0.0288 -0 0.6634 -0.7483
56.3279 198.179 -670 0.1407 0.6529 0.0411 -0.1713 -0.9844
35.9277 206.287 -672.263 0.0233 0.6871 0.0411 -0.1713 -0.9844
39.0032 211.218 -672.992 0.0162 0.6529 0.0411 -0.1713 -0.9844
35.9277 206.287 -672.263 0.0233 0.6871 0.0411 -0.1713 -0.9844
56.3279 198.179 -670 0.1407 0.6529 0.0411 -0.1713 -0.9844
53.2524 193.249 -669.27 0.1478 0.6871 0.0411 -0.1713 -0.9844
162.594 54.7512 -637.484 -0.0047 0.6863 0.0696 -0.1883 -0.9796
179.586 33.1493 -632.124 0.1687 0.6537 0.0696 -0.1883 -0.9796
176.51 28.219 -631.394 0.1865 0.6863 0.0696 -0.1883 -0.9796
179.586 33.1493 -632.124 0.1687 0.6537 0.0696 -0.1883 -0.9796
162.594 54.7512 -637.484 -0.0047 0.6863 0.0696 -0.1883 -0.9796
165.67 59.6816 -638.213 -0.0225 0.6537 0.0696 -0.1883 -0.9796
-86.6235 162.112 -662.124 0.1495 0.6856 -0.0531 -0.1785 -0.9825
-105.745 148.943 -658.7 0.0105 0.6544 -0.0531 -0.1785 -0.9825
-89.699 167.042 -662.854 0.1806 0.6544 -0.0531 -0.1785 -0.9825
-105.745 148.943 -658.7 0.0105 0.6544 -0.0531 -0.1785 -0.9825
-86.6235 162.112 -662.124 0.1495 0.6856 -0.0531 -0.1785 -0.9825
-102.67 144.013 -657.97 -0.0206 0.6856 -0.0531 -0.1785 -0.9825
73.2269 183.454 666.62 -0.0184 0.654 0.0453 -0.1738 0.9837
53.2528 193.249 669.27 0.1784 0.686 0.0453 -0.1738 0.9837
70.1514 178.524 665.891 0.0009 0.686 0.0453 -0.1738 0.9837
53.2528 193.249 669.27 0.1784 0.686 0.0453 -0.1738 0.9837
73.2269 183.454 666.62 -0.0184 0.654 0.0453 -0.1738 0.9837
56.3283 198.179 670 0.1591 0.654 0.0453 -0.1738 0.9837
148.253 79.5968 643.186 0.1576 0.6838 0.0666 -0.1865 0.9802
165.67 59.6816 638.213 0.0024 0.6562 0.0666 -0.1865 0.9802
151.328 84.5271 643.916 0.1804 0.6562 0.0666 -0.1865 0.9802
165.67 59.6816 638.213 0.0024 0.6562 0.0666 -0.1865 0.9802
148.253 79.5968 643.186 0.1576 0.6838 0.0666 -0.1865 0.9802
162.595 54.7512 637.484 -0.0204 0.6838 0.0666 -0.1865 0.9802
-105.745 148.943 658.7 0.1495 0.6544 -0.0531 -0.1785 0.9825
-86.6231 162.112 662.124 0.0105 0.6856 -0.0531 -0.1785 0.9825
-89.6986 167.042 662.854 -0.0206 0.6544 -0.0531 -0.1785 0.9825
-86.6231 162.112 662.124 0.0105 0.6856 -0.0531 -0.1785 0.9825
-105.745 148.943 658.7 0.1495 0.6544 -0.0531 -0.1785 0.9825
-102.67 144.013 657.97 0.1806 0.6856 -0.0531 -0.1785 0.9825
345.27 193.249 53.2523 0.0316 0.6816 0.946 -0.3131 -0.0836
343.699 183.454 72.1479 0.1284 0.6584 0.946 -0.3131 -0.0836
341.891 178.524 70.1509 0.1355 0.6816 0.946 -0.3131 -0.0836
343.699 183.454 72.1479 0.1284 0.6584 0.946 -0.3131 -0.0836
345.27 193.249 53.2523 0.0316 0.6816 0.946 -0.3131 -0.0836
347.078 198.179 55.2493 0.0245 0.6584 0.946 -0.3131 -0.0836
315.292 59.6816 164.591 0.1579 0.6581 0.9467 -0.2936 -0.1322
319.186 79.5968 148.252 0.0021 0.6819 0.9467 -0.2936 -0.1322
320.994 84.5271 150.249 -0.0222 0.6581 0.9467 -0.2936 -0.1322
319.186 79.5968 148.252 0.0021 0.6819 0.9467 -0.2936 -0.1322
315.292 59.6816 164.591 0.1579 0.6581 0.9467 -0.2936 -0.1322
313.484 54.7512 162.594 0.1822 0.6819 0.9467 -0.2936 -0.1322
335.778 148.943 -104.667 0.0101 0.656 0.9466 -0.3064 0.1005
338.124 162.112 -86.6236 0.1499 0.684 0.9466 -0.3064 0.1005
333.97 144.013 -102.67 -0.0223 0.684 0.9466 -0.3064 0.1005
338.124 162.112 -86.6236 0.1499 0.684 0.9466 -0.3064 0.1005
335.778 148.943 -104.667 0.0101 0.656 0.9466 -0.3064 0.1005
339.932 167.042 -88.6205 0.1823 0.656 0.9466 -0.3064 0.1005
-343.699 183.454 72.1483 0.0316 0.6584 -0.946 -0.3131 -0.0836
-345.27 193.249 53.2527 0.1284 0.6816 -0.946 -0.3131 -0.0836
-341.891 178.524 70.1512 0.0245 0.6816 -0.946 -0.3131 -0.0836
-345.27 193.249 53.2527 0.1284 0.6816 -0.946 -0.3131 -0.0836
-343.699 183.454 72.1483 0.0316 0.6584 -0.946 -0.3131 -0.0836
-347.078 198.179 55.2497 0.1355 0.6584 -0.946 -0.3131 -0.0836
-315.292 59.6816 164.592 0.0021 0.6581 -0.9467 -0.2936 -0.1322
-319.186 79.5968 148.253 0.1579 0.6819 -0.9467 -0.2936 -0.1322
-313.484 54.7512 162.595 -0.0222 0.6819 -0.9467 -0.2936 -0.1322
-319.186 79.5968 148.253 0.1579 0.6819 -0.9467 -0.2936 -0.1322
-315.292 59.6816 164.592 0.0021 0.6581 -0.9467 -0.2936 -0.1322
-320.994 84.5271 150.25 0.1822 0.6581 -0.9467 -0.2936 -0.1322
-338.124 162.112 -86.6232 0.0101 0.684 -0.9466 -0.3064 0.1005
-335.778 148.943 -104.666 0.1499 0.656 -0.9466 -0.3064 0.1005
-333.97 144.013 -102.67 0.1823 0.684 -0.9466 -0.3064 0.1005
-335.778 148.943 -104.666 0.1499 0.656 -0.9466 -0.3064 0.1005
-338.124 162.112 -86.6232 0.0101 0.684 -0.9466 -0.3064 0.1005
-339.932 167.042 -88.6201 -0.0223 0.656 -0.9466 -0.3064 0.1005
-300.918 -0 190 -2.7668 1.7939 0 -0.3754 0.9269
-192.925 4.9304 191.997 -1.5885 1.7401 0 -0.3754 0.9269
-302.726 4.9304 191.997 -2.7866 1.7401 0 -0.3754 0.9269
-192.925 4.9304 191.997 -1.5885 1.7401 -0.0089 -0.2015 0.9794
-300.918 -0 190 -2.7668 1.7939 -0.0089 -0.2015 0.9794
-191 -0 191 -1.5675 1.7939 -0.0089 -0.2015 0.9794
165.67 59.6816 -638.213 -6.4815 1.1448 0.8856 0.4645 0
179.586 33.1493 -178.507 -1.4492 1.4352 0.8856 0.4645 0
179.586 33.1493 -632.124 -6.4148 1.4352 0.8856 0.4645 0
179.586 33.1493 -178.507 -1.4492 1.4352 0.8856 0.4645 0
165.67 59.6816 -638.213 -6.4815 1.1448 0.8856 0.4645 0
165.67 59.6816 -164.591 -1.2969 1.1448 0.8856 0.4645 0
39.0032 211.218 -672.992 -6.8622 -0.514 0.6013 0.799 0
56.3279 198.179 -55.2494 -0.1 -0.3713 0.6013 0.799 0
56.3279 198.179 -670 -6.8294 -0.3713 0.6013 0.799 0
56.3279 198.179 -55.2494 -0.1 -0.3713 0.6013 0.799 0
39.0032 211.218 -672.992 -6.8622 -0.514 0.6013 0.799 0
39.0032 211.218 -37.9247 0.0897 -0.514 0.6013 0.799 0
-121.366 129.158 -120.287 -0.8119 0.3842 -0.7849 0.6197 0
-105.745 148.943 -658.7 -6.7057 0.1676 -0.7849 0.6197 0
-121.366 129.158 -654.159 -6.656 0.3842 -0.7849 0.6197 0
-105.745 148.943 -658.7 -6.7057 0.1676 -0.7849 0.6197 0
-121.366 129.158 -120.287 -0.8119 0.3842 -0.7849 0.6197 0
-105.745 148.943 -104.667 -0.6409 0.1676 -0.7849 0.6197 0
179.586 33.1493 178.507 2.4492 1.4352 0.8856 0.4645 -0
165.67 59.6816 638.213 7.4815 1.1448 0.8856 0.4645 -0
179.586 33.1493 632.124 7.4148 1.4352 0.8856 0.4645 -0
165.67 59.6816 638.213 7.4815 1.1448 0.8856 0.4645 -0
179.586 33.1493 178.507 2.4492 1.4352 0.8856 0.4645 -0
165.67 59.6816 164.591 2.2969 1.1448 0.8856 0.4645 -0
56.328 198.179 55.2495 1.1 -0.3713 0.6013 0.799 0
39.0036 211.218 672.992 7.8622 -0.514 0.6013 0.799 0
56.3283 198.179 670 7.8294 -0.3713 0.6013 0.799 0
39.0036 211.218 672.992 7.8622 -0.514 0.6013 0.799 0
56.328 198.179 55.2495 1.1 -0.3713 0.6013 0.799 0
39.0033 211.218 37.9249 0.9103 -0.514 0.6013 0.799 0
-105.745 148.943 658.7 7.7057 0.1676 -0.7849 0.6197 0
-121.366 129.158 120.287 1.8119 0.3842 -0.7849 0.6197 0
-121.365 129.158 654.159 7.656 0.3842 -0.7849 0.6197 0
-121.366 129.158 120.287 1.8119 0.3842 -0.7849 0.6197 0
-105.745 148.943 658.7 7.7057 0.1676 -0.7849 0.6197 0
-105.745 148.943 104.667 1.6409 0.1676 -0.7849 0.6197 0
315.292 59.6816 164.591 3.9237 1.1427 0 0.4645 0.8856
179.586 33.1493 178.507 2.4429 1.4322 0 0.4645 0.8856
309.203 33.1493 178.507 3.8572 1.4322 0 0.4645 0.8856
179.586 33.1493 178.507 2.4429 1.4322 0 0.4645 0.8856
315.292 59.6816 164.591 3.9237 1.1427 0 0.4645 0.8856
165.67 59.6816 164.591 2.2911 1.1427 0 0.4645 0.8856
350.071 211.218 37.9247 4.3032 -0.5108 0 0.799 0.6013
56.328 198.179 55.2495 1.098 -0.3685 0 0.799 0.6013
347.078 198.179 55.2493 4.2705 -0.3685 0 0.799 0.6013
56.328 198.179 55.2495 1.098 -0.3685 0 0.799 0.6013
350.071 211.218 37.9247 4.3032 -0.5108 0 0.799 0.6013
39.0033 211.218 37.9249 0.909 -0.5108 0 0.799 0.6013
121.366 129.158 -120.287 1.8077 0.3846 0 0.6197 -0.7849
335.778 148.943 -104.667 4.1472 0.1687 0 0.6197 -0.7849
331.237 129.158 -120.287 4.0977 0.3846 0 0.6197 -0.7849
335.778 148.943 -104.667 4.1472 0.1687 0 0.6197 -0.7849
121.366 129.158 -120.287 1.8077 0.3846 0 0.6197 -0.7849
105.745 148.943 -104.667 1.6372 0.1687 0 0.6197 -0.7849
-179.586 33.1493 178.507 -1.4429 1.4322 0 0.4645 0.8856
-315.292 59.6816 164.592 -2.9237 1.1427 0 0.4645 0.8856
-309.203 33.1493 178.508 -2.8572 1.4322 0 0.4645 0.8856
-315.292 59.6816 164.592 -2.9237 1.1427 0 0.4645 0.8856
-179.586 33.1493 178.507 -1.4429 1.4322 0 0.4645 0.8856
-165.67 59.6816 164.592 -1.2911 1.1427 0 0.4645 0.8856
-56.3279 198.179 55.2496 -0.098 -0.3685 0 0.799 0.6013
-350.071 211.218 37.925 -3.3032 -0.5108 0 0.799 0.6013
-347.078 198.179 55.2497 -3.2705 -0.3685 0 0.799 0.6013
-350.071 211.218 37.925 -3.3032 -0.5108 0 0.799 0.6013
-56.3279 198.179 55.2496 -0.098 -0.3685 0 0.799 0.6013
-39.0032 211.218 37.9249 0.091 -0.5108 0 0.799 0.6013
-335.778 148.943 -104.666 -3.1472 0.1687 -0 0.6197 -0.7849
-121.366 129.158 -120.287 -0.8077 0.3846 -0 0.6197 -0.7849
-331.237 129.158 -120.287 -3.0977 0.3846 -0 0.6197 -0.7849
-121.366 129.158 -120.287 -0.8077 0.3846 -0 0.6197 -0.7849
-335.778 148.943 -104.666 -3.1472 0.1687 -0 0.6197 -0.7849
-105.745 148.943 -104.667 -0.6372 0.1687 -0 0.6197 -0.7849
53.2524 193.249 -669.27 0.0218 0.6862 0.0453 -0.1738 -0.9837
73.2265 183.454 -666.62 0.1422 0.6538 0.0453 -0.1738 -0.9837
70.151 178.524 -665.891 0.1479 0.6862 0.0453 -0.1738 -0.9837
73.2265 183.454 -666.62 0.1422 0.6538 0.0453 -0.1738 -0.9837
53.2524 193.249 -669.27 0.0218 0.6862 0.0453 -0.1738 -0.9837
56.3279 198.179 -670 0.0161 0.6538 0.0453 -0.1738 -0.9837
165.67 59.6816 -638.213 0.16 0.6541 0.0666 -0.1865 -0.9802
148.252 79.5968 -643.186 0.004 0.6859 0.0666 -0.1865 -0.9802
151.328 84.5271 -643.916 -0.0089 0.6541 0.0666 -0.1865 -0.9802
148.252 79.5968 -643.186 0.004 0.6859 0.0666 -0.1865 -0.9802
165.67 59.6816 -638.213 0.16 0.6541 0.0666 -0.1865 -0.9802
162.594 54.7512 -637.484 0.1729 0.6859 0.0666 -0.1865 -0.9802
-3.0755 232.235 -677.816 0.16 0.6511 -0.0321 -0.1658 -0.9856
-18.1769 217.639 -674.868 0 0.6889 -0.0321 -0.1658 -0.9856
-21.2524 222.57 -675.597 -0.0164 0.6511 -0.0321 -0.1658 -0.9856
-18.1769 217.639 -674.868 0 0.6889 -0.0321 -0.1658 -0.9856
-3.0755 232.235 -677.816 0.16 0.6511 -0.0321 -0.1658 -0.9856
0 227.304 -677.086 0.1764 0.6889 -0.0321 -0.1658 -0.9856
89.6994 167.042 662.854 0.0133 0.6537 0.0493 -0.1762 0.9831
70.1514 178.524 665.891 0.1467 0.6863 0.0493 -0.1762 0.9831
86.6239 162.112 662.124 -0.0206 0.6863 0.0493 -0.1762 0.9831
70.1514 178.524 665.891 0.1467 0.6863 0.0493 -0.1762 0.9831
89.6994 167.042 662.854 0.0133 0.6537 0.0493 -0.1762 0.9831
73.2269 183.454 666.62 0.1806 0.6537 0.0493 -0.1762 0.9831
151.328 84.5271 643.916 0.0041 0.6559 0.0634 -0.1847 0.9808
133.485 102.756 648.501 0.1559 0.6841 0.0634 -0.1847 0.9808
148.253 79.5968 643.186 -0.0205 0.6841 0.0634 -0.1847 0.9808
133.485 102.756 648.501 0.1559 0.6841 0.0634 -0.1847 0.9808
151.328 84.5271 643.916 0.0041 0.6559 0.0634 -0.1847 0.9808
136.56 107.686 649.231 0.1805 0.6559 0.0634 -0.1847 0.9808
-18.1765 217.639 674.868 0.16 0.6889 -0.0321 -0.1658 0.9856
-3.0751 232.235 677.816 0 0.6511 -0.0321 -0.1658 0.9856
-21.252 222.57 675.597 0.1764 0.6511 -0.0321 -0.1658 0.9856
-3.0751 232.235 677.816 0 0.6511 -0.0321 -0.1658 0.9856
-18.1765 217.639 674.868 0.16 0.6889 -0.0321 -0.1658 0.9856
0.0004 227.304 677.086 -0.0164 0.6889 -0.0321 -0.1658 0.9856
341.891 178.524 70.1509 0.0129 0.6848 0.9464 -0.3097 -0.0922
339.932 167.042 88.6204 0.1471 0.6552 0.9464 -0.3097 -0.0922
338.124 162.112 86.6234 0.1822 0.6848 0.9464 -0.3097 -0.0922
339.932 167.042 88.6204 0.1471 0.6552 0.9464 -0.3097 -0.0922
341.891 178.524 70.1509 0.0129 0.6848 0.9464 -0.3097 -0.0922
343.699 183.454 72.1479 -0.0222 0.6552 0.9464 -0.3097 -0.0922
324.501 102.756 133.484 0.0038 0.6823 0.9468 -0.2967 -0.1246
320.994 84.5271 150.249 0.1562 0.6577 0.9468 -0.2967 -0.1246
319.186 79.5968 148.252 0.1822 0.6823 0.9468 -0.2967 -0.1246
320.994 84.5271 150.249 0.1562 0.6577 0.9468 -0.2967 -0.1246
324.501 102.756 133.484 0.0038 0.6823 0.9468 -0.2967 -0.1246
326.309 107.686 135.481 -0.0222 0.6577 0.9468 -0.2967 -0.1246
352.676 222.57 -20.174 -0.0167 0.6527 0.9446 -0.3234 0.0567
353.086 227.304 -0.0001 0.1767 0.6873 0.9446 -0.3234 0.0567
350.868 217.639 -18.1769 -0.0081 0.6873 0.9446 -0.3234 0.0567
353.086 227.304 -0.0001 0.1767 0.6873 0.9446 -0.3234 0.0567
352.676 222.57 -20.174 -0.0167 0.6527 0.9446 -0.3234 0.0567
354.894 232.235 -1.997 0.1681 0.6527 0.9446 -0.3234 0.0567
-339.932 167.042 88.6208 0.0129 0.6552 -0.9464 -0.3097 -0.0922
-341.891 178.524 70.1512 0.1471 0.6848 -0.9464 -0.3097 -0.0922
-338.124 162.112 86.6238 -0.0222 0.6848 -0.9464 -0.3097 -0.0922
-341.891 178.524 70.1512 0.1471 0.6848 -0.9464 -0.3097 -0.0922
-339.932 167.042 88.6208 0.0129 0.6552 -0.9464 -0.3097 -0.0922
-343.699 183.454 72.1483 0.1822 0.6552 -0.9464 -0.3097 -0.0922
-320.994 84.5271 150.25 0.0038 0.6577 -0.9468 -0.2967 -0.1246
-324.501 102.756 133.485 0.1562 0.6823 -0.9468 -0.2967 -0.1246
-319.186 79.5968 148.253 -0.0222 0.6823 -0.9468 -0.2967 -0.1246
-324.501 102.756 133.485 0.1562 0.6823 -0.9468 -0.2967 -0.1246
-320.994 84.5271 150.25 0.0038 0.6577 -0.9468 -0.2967 -0.1246
-326.309 107.686 135.482 0.1822 0.6577 -0.9468 -0.2967 -0.1246
-353.086 227.304 0.0004 -0.0167 0.6873 -0.9446 -0.3234 0.0567
-352.676 222.57 -20.1735 0.1767 0.6527 -0.9446 -0.3234 0.0567
-350.868 217.639 -18.1765 0.1681 0.6873 -0.9446 -0.3234 0.0567
-352.676 222.57 -20.1735 0.1767 0.6527 -0.9446 -0.3234 0.0567
-353.086 227.304 0.0004 -0.0167 0.6873 -0.9446 -0.3234 0.0567
-354.894 232.235 -1.9966 -0.0081 0.6527 -0.9446 -0.3234 0.0567
-193.075 4.9304 191.847 2.5953 1.7441 -0.8485 -0.5293 0
-190 -0 624.918 7.3359 1.7981 -0.8485 -0.5293 0
-193.075 4.9304 625.648 7.3439 1.7441 -0.8485 -0.5293 0
-190 -0 624.918 7.3359 1.7981 -0.9215 -0.3883 0.0021
-193.075 4.9304 191.847 2.5953 1.7441 -0.9215 -0.3883 0.0021
-191 -0 191 2.586 1.7981 -0.9215 -0.3883 0.0021
179.586 33.1493 -632.124 -6.4148 1.4352 0.9022 0.4313 0
193.076 4.9304 -191.847 -1.5953 1.7441 0.9022 0.4313 0
193.076 4.9304 -625.648 -6.3439 1.7441 0.9022 0.4313 0
193.076 4.9304 -191.847 -1.5953 1.7441 0.9022 0.4313 0
179.586 33.1493 -632.124 -6.4148 1.4352 0.9022 0.4313 0
179.586 33.1493 -178.507 -1.4492 1.4352 0.9022 0.4313 0
56.3279 198.179 -670 -6.8294 -0.3713 0.657 0.7539 0
73.2265 183.454 -72.148 -0.285 -0.2101 0.657 0.7539 0
73.2265 183.454 -666.62 -6.7924 -0.2101 0.657 0.7539 0
73.2265 183.454 -72.148 -0.285 -0.2101 0.657 0.7539 0
56.3279 198.179 -670 -6.8294 -0.3713 0.657 0.7539 0
56.3279 198.179 -55.2494 -0.1 -0.3713 0.657 0.7539 0
-136.56 107.686 -135.481 -0.9782 0.6193 -0.8163 0.5776 0
-121.366 129.158 -654.159 -6.656 0.3842 -0.8163 0.5776 0
-136.56 107.686 -649.231 -6.6021 0.6193 -0.8163 0.5776 0
-121.366 129.158 -654.159 -6.656 0.3842 -0.8163 0.5776 0
-136.56 107.686 -135.481 -0.9782 0.6193 -0.8163 0.5776 0
-121.366 129.158 -120.287 -0.8119 0.3842 -0.8163 0.5776 0
193.076 4.9304 191.847 2.5953 1.7441 0.9022 0.4313 -0
179.586 33.1493 632.124 7.4148 1.4352 0.9022 0.4313 -0
193.076 4.9304 625.648 7.3439 1.7441 0.9022 0.4313 -0
179.586 33.1493 632.124 7.4148 1.4352 0.9022 0.4313 -0
193.076 4.9304 191.847 2.5953 1.7441 0.9022 0.4313 -0
179.586 33.1493 178.507 2.4492 1.4352 0.9022 0.4313 -0
73.2266 183.454 72.1481 1.285 -0.2101 0.657 0.7539 0
56.3283 198.179 670 7.8294 -0.3713 0.657 0.7539 0
73.2269 183.454 666.62 7.7924 -0.2101 0.657 0.7539 0
56.3283 198.179 670 7.8294 -0.3713 0.657 0.7539 0
73.2266 183.454 72.1481 1.285 -0.2101 0.657 0.7539 0
56.328 198.179 55.2495 1.1 -0.3713 0.657 0.7539 0
-121.365 129.158 654.159 7.656 0.3842 -0.8163 0.5776 0
-136.56 107.686 135.482 1.9782 0.6193 -0.8163 0.5776 0
-136.559 107.686 649.231 7.6021 0.6193 -0.8163 0.5776 0
-136.56 107.686 135.482 1.9782 0.6193 -0.8163 0.5776 0
-121.365 129.158 654.159 7.656 0.3842 -0.8163 0.5776 0
-121.366 129.158 120.287 1.8119 0.3842 -0.8163 0.5776 0
179.586 33.1493 178.507 2.4429 1.4322 0 0.4313 0.9022
302.726 4.9304 191.997 3.7866 1.7401 0 0.4313 0.9022
309.203 33.1493 178.507 3.8572 1.4322 0 0.4313 0.9022
302.726 4.9304 191.997 3.7866 1.7401 0 0.4313 0.9022
179.586 33.1493 178.507 2.4429 1.4322 0 0.4313 0.9022
192.926 4.9304 191.997 2.5885 1.7401 0 0.4313 0.9022
347.078 198.179 55.2493 4.2705 -0.3685 0 0.7539 0.657
73.2266 183.454 72.1481 1.2824 -0.2078 0 0.7539 0.657
343.699 183.454 72.1479 4.2336 -0.2078 0 0.7539 0.657
73.2266 183.454 72.1481 1.2824 -0.2078 0 0.7539 0.657
347.078 198.179 55.2493 4.2705 -0.3685 0 0.7539 0.657
56.328 198.179 55.2495 1.098 -0.3685 0 0.7539 0.657
136.56 107.686 -135.481 1.9735 0.6189 0 0.5776 -0.8163
331.237 129.158 -120.287 4.0977 0.3846 0 0.5776 -0.8163
326.309 107.686 -135.481 4.0439 0.6189 0 0.5776 -0.8163
331.237 129.158 -120.287 4.0977 0.3846 0 0.5776 -0.8163
136.56 107.686 -135.481 1.9735 0.6189 0 0.5776 -0.8163
121.366 129.158 -120.287 1.8077 0.3846 0 0.5776 -0.8163
-302.726 4.9304 191.997 -2.7866 1.7401 0 0.4313 0.9022
-179.586 33.1493 178.507 -1.4429 1.4322 0 0.4313 0.9022
-309.203 33.1493 178.508 -2.8572 1.4322 0 0.4313 0.9022
-179.586 33.1493 178.507 -1.4429 1.4322 0 0.4313 0.9022
-302.726 4.9304 191.997 -2.7866 1.7401 0 0.4313 0.9022
-192.925 4.9304 191.997 -1.5885 1.7401 0 0.4313 0.9022
-73.2265 183.454 72.1481 -0.2824 -0.2078 0 0.7539 0.657
-347.078 198.179 55.2497 -3.2705 -0.3685 0 0.7539 0.657
-343.699 183.454 72.1483 -3.2336 -0.2078 0 0.7539 0.657
-347.078 198.179 55.2497 -3.2705 -0.3685 0 0.7539 0.657
-73.2265 183.454 72.1481 -0.2824 -0.2078 0 0.7539 0.657
-56.3279 198.179 55.2496 -0.098 -0.3685 0 0.7539 0.657
-331.237 129.158 -120.287 -3.0977 0.3846 -0 0.5776 -0.8163
-136.56 107.686 -135.481 -0.9735 0.6189 -0 0.5776 -0.8163
-326.309 107.686 -135.481 -3.0439 0.6189 -0 0.5776 -0.8163
-136.56 107.686 -135.481 -0.9735 0.6189 -0 0.5776 -0.8163
-331.237 129.158 -120.287 -3.0977 0.3846 -0 0.5776 -0.8163
-121.366 129.158 -120.287 -0.8077 0.3846 -0 0.5776 -0.8163
70.151 178.524 -665.891 0.0169 0.6873 0.0493 -0.1762 -0.9831
89.699 167.042 -662.854 0.1471 0.6527 0.0493 -0.1762 -0.9831
86.6235 162.112 -662.124 0.1602 0.6873 0.0493 -0.1762 -0.9831
89.699 167.042 -662.854 0.1471 0.6527 0.0493 -0.1762 -0.9831
70.151 178.524 -665.891 0.0169 0.6873 0.0493 -0.1762 -0.9831
73.2265 183.454 -666.62 0.0038 0.6527 0.0493 -0.1762 -0.9831
133.484 102.756 -648.501 0.0053 0.6862 0.0634 -0.1847 -0.9808
151.328 84.5271 -643.916 0.1587 0.6538 0.0634 -0.1847 -0.9808
148.252 79.5968 -643.186 0.1731 0.6862 0.0634 -0.1847 -0.9808
151.328 84.5271 -643.916 0.1587 0.6538 0.0634 -0.1847 -0.9808
133.484 102.756 -648.501 0.0053 0.6862 0.0634 -0.1847 -0.9808
136.56 107.686 -649.231 -0.0091 0.6538 0.0634 -0.1847 -0.9808
-39.0032 211.218 -672.992 -0.0172 0.6523 -0.0367 -0.1686 -0.985
-18.1769 217.639 -674.868 0.1772 0.6877 -0.0367 -0.1686 -0.985
-35.9277 206.287 -672.263 0.0002 0.6877 -0.0367 -0.1686 -0.985
-18.1769 217.639 -674.868 0.1772 0.6877 -0.0367 -0.1686 -0.985
-39.0032 211.218 -672.992 -0.0172 0.6523 -0.0367 -0.1686 -0.985
-21.2524 222.57 -675.597 0.1598 0.6523 -0.0367 -0.1686 -0.985
-176.51 28.219 -631.394 0.1604 0.6834 -0.0725 -0.1901 -0.9791
-193.076 4.9304 -625.648 -0.0004 0.6566 -0.0725 -0.1901 -0.9791
-179.586 33.1493 -632.124 0.1803 0.6566 -0.0725 -0.1901 -0.9791
-193.076 4.9304 -625.648 -0.0004 0.6566 -0.0725 -0.1901 -0.9791
-176.51 28.219 -631.394 0.1604 0.6834 -0.0725 -0.1901 -0.9791
-190 0 -624.918 -0.0203 0.6834 -0.0725 -0.1901 -0.9791
136.56 107.686 649.231 0.0059 0.6555 0.0601 -0.1827 0.9813
118.291 124.228 653.429 0.1541 0.6845 0.0601 -0.1827 0.9813
133.485 102.756 648.501 -0.0206 0.6845 0.0601 -0.1827 0.9813
118.291 124.228 653.429 0.1541 0.6845 0.0601 -0.1827 0.9813
136.56 107.686 649.231 0.0059 0.6555 0.0601 -0.1827 0.9813
121.366 129.158 654.159 0.1806 0.6555 0.0601 -0.1827 0.9813
-18.1765 217.639 674.868 -0.0172 0.6877 -0.0367 -0.1686 0.985
-39.0028 211.218 672.992 0.1772 0.6523 -0.0367 -0.1686 0.985
-35.9273 206.287 672.263 0.1598 0.6877 -0.0367 -0.1686 0.985
-39.0028 211.218 672.992 0.1772 0.6523 -0.0367 -0.1686 0.985
-18.1765 217.639 674.868 -0.0172 0.6877 -0.0367 -0.1686 0.985
-21.252 222.57 675.597 0.0002 0.6523 -0.0367 -0.1686 0.985
-193.075 4.9304 625.648 0.1604 0.6566 -0.0725 -0.1901 0.9791
-176.51 28.219 631.394 -0.0004 0.6834 -0.0725 -0.1901 0.9791
-179.585 33.1493 632.124 -0.0203 0.6566 -0.0725 -0.1901 0.9791
-176.51 28.219 631.394 -0.0004 0.6834 -0.0725 -0.1901 0.9791
-193.075 4.9304 625.648 0.1604 0.6566 -0.0725 -0.1901 0.9791
-190 -0 624.918 0.1803 0.6834 -0.0725 -0.1901 0.9791
329.429 124.228 118.29 0.0056 0.6827 0.9468 -0.2999 -0.1167
326.309 107.686 135.481 0.1544 0.6573 0.9468 -0.2999 -0.1167
324.501 102.756 133.484 0.1823 0.6827 0.9468 -0.2999 -0.1167
326.309 107.686 135.481 0.1544 0.6573 0.9468 -0.2999 -0.1167
329.429 124.228 118.29 0.0056 0.6827 0.9468 -0.2999 -0.1167
331.237 129.158 120.287 -0.0223 0.6573 0.9468 -0.2999 -0.1167
350.071 211.218 -37.9247 -0.0175 0.654 0.9452 -0.3199 0.0659
350.868 217.639 -18.1769 0.1775 0.686 0.9452 -0.3199 0.0659
348.263 206.287 -35.9278 -0.008 0.686 0.9452 -0.3199 0.0659
350.868 217.639 -18.1769 0.1775 0.686 0.9452 -0.3199 0.0659
350.071 211.218 -37.9247 -0.0175 0.654 0.9452 -0.3199 0.0659
352.676 222.57 -20.174 0.168 0.654 0.9452 -0.3199 0.0659
307.395 28.219 -176.51 0.1607 0.6813 0.9464 -0.2875 0.147
302.726 4.9304 -191.997 -0.0007 0.6587 0.9464 -0.2875 0.147
309.203 33.1493 -178.507 0.182 0.6587 0.9464 -0.2875 0.147
302.726 4.9304 -191.997 -0.0007 0.6587 0.9464 -0.2875 0.147
307.395 28.219 -176.51 0.1607 0.6813 0.9464 -0.2875 0.147
300.918 0 -190 -0.022 0.6813 0.9464 -0.2875 0.147
-326.309 107.686 135.482 0.0056 0.6573 -0.9468 -0.2999 -0.1167
-329.429 124.228 118.29 0.1544 0.6827 -0.9468 -0.2999 -0.1167
-324.501 102.756 133.485 -0.0223 0.6827 -0.9468 -0.2999 -0.1167
-329.429 124.228 118.29 0.1544 0.6827 -0.9468 -0.2999 -0.1167
-326.309 107.686 135.482 0.0056 0.6573 -0.9468 -0.2999 -0.1167
-331.237 129.158 120.287 0.1823 0.6573 -0.9468 -0.2999 -0.1167
-350.868 217.639 -18.1765 -0.0175 0.686 -0.9452 -0.3199 0.0659
-350.071 211.218 -37.9244 0.1775 0.654 -0.9452 -0.3199 0.0659
-348.263 206.287 -35.9274 0.168 0.686 -0.9452 -0.3199 0.0659
-350.071 211.218 -37.9244 0.1775 0.654 -0.9452 -0.3199 0.0659
-350.868 217.639 -18.1765 -0.0175 0.686 -0.9452 -0.3199 0.0659
-352.676 222.57 -20.1735 -0.008 0.654 -0.9452 -0.3199 0.0659
-302.726 4.9304 -191.997 0.1607 0.6587 -0.9464 -0.2875 0.147
-307.395 28.219 -176.51 -0.0007 0.6813 -0.9464 -0.2875 0.147
-309.203 33.1493 -178.507 -0.022 0.6587 -0.9464 -0.2875 0.147
-307.395 28.219 -176.51 -0.0007 0.6813 -0.9464 -0.2875 0.147
-302.726 4.9304 -191.997 0.1607 0.6587 -0.9464 -0.2875 0.147
-300.918 -0 -190 0.182 0.6813 -0.9464 -0.2875 0.147
192.926 4.9304 191.997 2.5885 1.7401 0 -0.3754 0.9269
300.918 0 190 3.7668 1.7939 0 -0.3754 0.9269
302.726 4.9304 191.997 3.7866 1.7401 0 -0.3754 0.9269
300.918 0 190 3.7668 1.7939 0.0089 -0.2015 0.9794
192.926 4.9304 191.997 2.5885 1.7401 0.0089 -0.2015 0.9794
191 0 191 2.5675 1.7939 0.0089 -0.2015 0.9794
73.2265 183.454 -666.62 -6.7924 -0.2101 0.7058 0.7084 0
89.699 167.042 -88.6205 -0.4653 -0.0305001 0.7058 0.7084 0
89.699 167.042 -662.854 -6.7512 -0.0305001 0.7058 0.7084 0
89.699 167.042 -88.6205 -0.4653 -0.0305001 0.7058 0.7084 0
73.2265 183.454 -666.62 -6.7924 -0.2101 0.7058 0.7084 0
73.2265 183.454 -72.148 -0.285 -0.2101 0.7058 0.7084 0
-151.328 84.5271 -150.249 -1.1399 0.8728 -0.8432 0.5377 0
-136.56 107.686 -649.231 -6.6021 0.6193 -0.8432 0.5377 0
-151.328 84.5271 -643.916 -6.5439 0.8728 -0.8432 0.5377 0
-136.56 107.686 -649.231 -6.6021 0.6193 -0.8432 0.5377 0
-151.328 84.5271 -150.249 -1.1399 0.8728 -0.8432 0.5377 0
-136.56 107.686 -135.481 -0.9782 0.6193 -0.8432 0.5377 0
-21.2524 222.57 -20.1739 0.284 -0.6383 -0.4695 0.8829 0
-3.0755 232.235 -677.816 -6.915 -0.7441 -0.4695 0.8829 0
-21.2524 222.57 -675.597 -6.8907 -0.6383 -0.4695 0.8829 0
-3.0755 232.235 -677.816 -6.915 -0.7441 -0.4695 0.8829 0
-21.2524 222.57 -20.1739 0.284 -0.6383 -0.4695 0.8829 0
-3.0755 232.235 -1.9969 0.483 -0.7441 -0.4695 0.8829 0
89.6991 167.042 88.6205 1.4653 -0.0305001 0.7058 0.7084 0
73.2269 183.454 666.62 7.7924 -0.2101 0.7058 0.7084 0
89.6994 167.042 662.854 7.7512 -0.0305001 0.7058 0.7084 0
73.2269 183.454 666.62 7.7924 -0.2101 0.7058 0.7084 0
89.6991 167.042 88.6205 1.4653 -0.0305001 0.7058 0.7084 0
73.2266 183.454 72.1481 1.285 -0.2101 0.7058 0.7084 0
-136.559 107.686 649.231 7.6021 0.6193 -0.8432 0.5377 0
-151.328 84.5271 150.25 2.1399 0.8728 -0.8432 0.5377 0
-151.327 84.5271 643.916 7.5439 0.8728 -0.8432 0.5377 0
-151.328 84.5271 150.25 2.1399 0.8728 -0.8432 0.5377 0
-136.559 107.686 649.231 7.6021 0.6193 -0.8432 0.5377 0
-136.56 107.686 135.482 1.9782 0.6193 -0.8432 0.5377 0
-3.0751 232.235 677.816 7.915 -0.7441 -0.4695 0.8829 0
-21.2524 222.57 20.1741 0.716 -0.6383 -0.4695 0.8829 0
-21.252 222.57 675.597 7.8907 -0.6383 -0.4695 0.8829 0
-21.2524 222.57 20.1741 0.716 -0.6383 -0.4695 0.8829 0
-3.0751 232.235 677.816 7.915 -0.7441 -0.4695 0.8829 0
-3.0755 232.235 1.9972 0.517 -0.7441 -0.4695 0.8829 0
343.699 183.454 72.1479 4.2336 -0.2078 0 0.7084 0.7058
89.6991 167.042 88.6205 1.4622 -0.0288 0 0.7084 0.7058
339.932 167.042 88.6204 4.1925 -0.0288 0 0.7084 0.7058
89.6991 167.042 88.6205 1.4622 -0.0288 0 0.7084 0.7058
343.699 183.454 72.1479 4.2336 -0.2078 0 0.7084 0.7058
73.2266 183.454 72.1481 1.2824 -0.2078 0 0.7084 0.7058
151.328 84.5271 -150.249 2.1346 0.8716 0 0.5377 -0.8432
326.309 107.686 -135.481 4.0439 0.6189 0 0.5377 -0.8432
320.994 84.5271 -150.249 3.9859 0.8716 0 0.5377 -0.8432
326.309 107.686 -135.481 4.0439 0.6189 0 0.5377 -0.8432
151.328 84.5271 -150.249 2.1346 0.8716 0 0.5377 -0.8432
136.56 107.686 -135.481 1.9735 0.6189 0 0.5377 -0.8432
21.2524 222.57 -20.1739 0.7153 -0.6346 0 0.8829 -0.4695
354.894 232.235 -1.997 4.3558 -0.7401 0 0.8829 -0.4695
352.676 222.57 -20.174 4.3316 -0.6346 0 0.8829 -0.4695
354.894 232.235 -1.997 4.3558 -0.7401 0 0.8829 -0.4695
21.2524 222.57 -20.1739 0.7153 -0.6346 0 0.8829 -0.4695
3.0755 232.235 -1.9969 0.517 -0.7401 0 0.8829 -0.4695
-89.6989 167.042 88.6207 -0.4622 -0.0288 0 0.7084 0.7058
-343.699 183.454 72.1483 -3.2336 -0.2078 0 0.7084 0.7058
-339.932 167.042 88.6208 -3.1925 -0.0288 0 0.7084 0.7058
-343.699 183.454 72.1483 -3.2336 -0.2078 0 0.7084 0.7058
-89.6989 167.042 88.6207 -0.4622 -0.0288 0 0.7084 0.7058
-73.2265 183.454 72.1481 -0.2824 -0.2078 0 0.7084 0.7058
-326.309 107.686 -135.481 -3.0439 0.6189 -0 0.5377 -0.8432
-151.328 84.5271 -150.249 -1.1346 0.8716 -0 0.5377 -0.8432
-320.994 84.5271 -150.249 -2.9859 0.8716 -0 0.5377 -0.8432
-151.328 84.5271 -150.249 -1.1346 0.8716 -0 0.5377 -0.8432
-326.309 107.686 -135.481 -3.0439 0.6189 -0 0.5377 -0.8432
-136.56 107.686 -135.481 -0.9735 0.6189 -0 0.5377 -0.8432
-354.894 232.235 -1.9966 -3.3558 -0.7401 0 0.8829 -0.4695
-21.2524 222.57 -20.1739 0.2847 -0.6346 0 0.8829 -0.4695
-352.676 222.57 -20.1735 -3.3316 -0.6346 0 0.8829 -0.4695
-21.2524 222.57 -20.1739 0.2847 -0.6346 -0 0.8829 -0.4695
-354.894 232.235 -1.9966 -3.3558 -0.7401 -0 0.8829 -0.4695
-3.0755 232.235 -1.9969 0.483 -0.7401 -0 0.8829 -0.4695
118.29 124.228 -653.429 0.0067 0.6866 0.0601 -0.1827 -0.9813
136.56 107.686 -649.231 0.1573 0.6534 0.0601 -0.1827 -0.9813
133.484 102.756 -648.501 0.1732 0.6866 0.0601 -0.1827 -0.9813
136.56 107.686 -649.231 0.1573 0.6534 0.0601 -0.1827 -0.9813
118.29 124.228 -653.429 0.0067 0.6866 0.0601 -0.1827 -0.9813
121.366 129.158 -654.159 -0.0092 0.6534 0.0601 -0.1827 -0.9813
-73.2265 183.454 -666.62 -0.0184 0.654 -0.0453 -0.1738 -0.9837
-53.2524 193.249 -669.27 0.1784 0.686 -0.0453 -0.1738 -0.9837
-70.151 178.524 -665.891 0.0009 0.686 -0.0453 -0.1738 -0.9837
-53.2524 193.249 -669.27 0.1784 0.686 -0.0453 -0.1738 -0.9837
-73.2265 183.454 -666.62 -0.0184 0.654 -0.0453 -0.1738 -0.9837
-56.3279 198.179 -670 0.1591 0.654 -0.0453 -0.1738 -0.9837
-148.252 79.5968 -643.186 0.1576 0.6838 -0.0666 -0.1865 -0.9802
-165.67 59.6816 -638.213 0.0024 0.6562 -0.0666 -0.1865 -0.9802
-151.328 84.5271 -643.916 0.1804 0.6562 -0.0666 -0.1865 -0.9802
-165.67 59.6816 -638.213 0.0024 0.6562 -0.0666 -0.1865 -0.9802
-148.252 79.5968 -643.186 0.1576 0.6838 -0.0666 -0.1865 -0.9802
-162.594 54.7512 -637.484 -0.0204 0.6838 -0.0666 -0.1865 -0.9802
86.6239 162.112 662.124 0.1495 0.6856 0.0531 -0.1785 0.9825
105.746 148.943 658.7 0.0105 0.6544 0.0531 -0.1785 0.9825
89.6994 167.042 662.854 0.1806 0.6544 0.0531 -0.1785 0.9825
105.746 148.943 658.7 0.0105 0.6544 0.0531 -0.1785 0.9825
86.6239 162.112 662.124 0.1495 0.6856 0.0531 -0.1785 0.9825
102.67 144.013 657.97 -0.0206 0.6856 0.0531 -0.1785 0.9825
-53.252 193.249 669.27 -0.0184 0.686 -0.0453 -0.1738 0.9837
-73.2261 183.454 666.62 0.1784 0.654 -0.0453 -0.1738 0.9837
-70.1506 178.524 665.891 0.1591 0.686 -0.0453 -0.1738 0.9837
-73.2261 183.454 666.62 0.1784 0.654 -0.0453 -0.1738 0.9837
-53.252 193.249 669.27 -0.0184 0.686 -0.0453 -0.1738 0.9837
-56.3275 198.179 670 0.0009 0.654 -0.0453 -0.1738 0.9837
-165.669 59.6816 638.213 0.1576 0.6562 -0.0666 -0.1865 0.9802
-148.252 79.5968 643.186 0.0024 0.6838 -0.0666 -0.1865 0.9802
-151.327 84.5271 643.916 -0.0204 0.6562 -0.0666 -0.1865 0.9802
-148.252 79.5968 643.186 0.0024 0.6838 -0.0666 -0.1865 0.9802
-165.669 59.6816 638.213 0.1576 0.6562 -0.0666 -0.1865 0.9802
-162.594 54.7512 637.484 0.1804 0.6838 -0.0666 -0.1865 0.9802
335.778 148.943 104.667 0.1499 0.656 0.9466 -0.3064 -0.1005
338.124 162.112 86.6234 0.0101 0.684 0.9466 -0.3064 -0.1005
339.932 167.042 88.6204 -0.0223 0.656 0.9466 -0.3064 -0.1005
338.124 162.112 86.6234 0.0101 0.684 0.9466 -0.3064 -0.1005
335.778 148.943 104.667 0.1499 0.656 0.9466 -0.3064 -0.1005
333.97 144.013 102.67 0.1823 0.684 0.9466 -0.3064 -0.1005
343.699 183.454 -72.1481 0.0316 0.6584 0.946 -0.3131 0.0836
345.27 193.249 -53.2524 0.1284 0.6816 0.946 -0.3131 0.0836
341.891 178.524 -70.1511 0.0245 0.6816 0.946 -0.3131 0.0836
345.27 193.249 -53.2524 0.1284 0.6816 0.946 -0.3131 0.0836
343.699 183.454 -72.1481 0.0316 0.6584 0.946 -0.3131 0.0836
347.078 198.179 -55.2495 0.1355 0.6584 0.946 -0.3131 0.0836
319.186 79.5968 -148.252 0.1579 0.6819 0.9467 -0.2936 0.1322
315.292 59.6816 -164.591 0.0021 0.6581 0.9467 -0.2936 0.1322
320.994 84.5271 -150.249 0.1822 0.6581 0.9467 -0.2936 0.1322
315.292 59.6816 -164.591 0.0021 0.6581 0.9467 -0.2936 0.1322
319.186 79.5968 -148.252 0.1579 0.6819 0.9467 -0.2936 0.1322
313.484 54.7512 -162.594 -0.0222 0.6819 0.9467 -0.2936 0.1322
-338.124 162.112 86.6238 0.1499 0.684 -0.9466 -0.3064 -0.1005
-335.778 148.943 104.667 0.0101 0.656 -0.9466 -0.3064 -0.1005
-339.932 167.042 88.6208 0.1823 0.656 -0.9466 -0.3064 -0.1005
-335.778 148.943 104.667 0.0101 0.656 -0.9466 -0.3064 -0.1005
-338.124 162.112 86.6238 0.1499 0.684 -0.9466 -0.3064 -0.1005
-333.97 144.013 102.67 -0.0223 0.684 -0.9466 -0.3064 -0.1005
-345.27 193.249 -53.2521 0.0316 0.6816 -0.946 -0.3131 0.0836
-343.699 183.454 -72.1476 0.1284 0.6584 -0.946 -0.3131 0.0836
-341.891 178.524 -70.1506 0.1355 0.6816 -0.946 -0.3131 0.0836
-343.699 183.454 -72.1476 0.1284 0.6584 -0.946 -0.3131 0.0836
-345.27 193.249 -53.2521 0.0316 0.6816 -0.946 -0.3131 0.0836
-347.078 198.179 -55.249 0.0245 0.6584 -0.946 -0.3131 0.0836
-315.292 59.6816 -164.591 0.1579 0.6581 -0.9467 -0.2936 0.1322
-319.186 79.5968 -148.252 0.0021 0.6819 -0.9467 -0.2936 0.1322
-320.994 84.5271 -150.249 -0.0222 0.6581 -0.9467 -0.2936 0.1322
-319.186 79.5968 -148.252 0.0021 0.6819 -0.9467 -0.2936 0.1322
-315.292 59.6816 -164.591 0.1579 0.6581 -0.9467 -0.2936 0.1322
-313.484 54.7512 -162.594 0.1822 0.6819 -0.9467 -0.2936 0.1322
300.918 0 -190 3.7668 1.7939 0 -0.3754 -0.9269
192.926 4.9304 -191.997 2.5885 1.7401 0 -0.3754 -0.9269
302.726 4.9304 -191.997 3.7866 1.7401 0 -0.3754 -0.9269
192.926 4.9304 -191.997 2.5885 1.7401 0.0089 -0.2015 -0.9794
300.918 0 -190 3.7668 1.7939 0.0089 -0.2015 -0.9794
191 0 -191 2.5675 1.7939 0.0089 -0.2015 -0.9794
105.745 148.943 -658.7 -6.7057 0.1676 0.7849 0.6197 0
121.366 129.158 -120.287 -0.8119 0.3842 0.7849 0.6197 0
121.366 129.158 -654.159 -6.656 0.3842 0.7849 0.6197 0
121.366 129.158 -120.287 -0.8119 0.3842 0.7849 0.6197 0
105.745 148.943 -658.7 -6.7057 0.1676 0.7849 0.6197 0
105.745 148.943 -104.667 -0.6409 0.1676 0.7849 0.6197 0
-179.586 33.1493 -178.507 -1.4492 1.4352 -0.8856 0.4645 0
-165.67 59.6816 -638.213 -6.4815 1.1448 -0.8856 0.4645 0
-179.586 33.1493 -632.124 -6.4148 1.4352 -0.8856 0.4645 0
-165.67 59.6816 -638.213 -6.4815 1.1448 -0.8856 0.4645 0
-179.586 33.1493 -178.507 -1.4492 1.4352 -0.8856 0.4645 0
-165.67 59.6816 -164.591 -1.2969 1.1448 -0.8856 0.4645 0
-56.3279 198.179 -55.2494 -0.1 -0.3713 -0.6013 0.799 0
-39.0032 211.218 -672.992 -6.8622 -0.514 -0.6013 0.799 0
-56.3279 198.179 -670 -6.8294 -0.3713 -0.6013 0.799 0
-39.0032 211.218 -672.992 -6.8622 -0.514 -0.6013 0.799 0
-56.3279 198.179 -55.2494 -0.1 -0.3713 -0.6013 0.799 0
-39.0032 211.218 -37.9247 0.0897 -0.514 -0.6013 0.799 0
121.366 129.158 120.287 1.8119 0.3842 0.7849 0.6197 0
105.746 148.943 658.7 7.7057 0.1676 0.7849 0.6197 0
121.366 129.158 654.159 7.656 0.3842 0.7849 0.6197 0
105.746 148.943 658.7 7.7057 0.1676 0.7849 0.6197 0
121.366 129.158 120.287 1.8119 0.3842 0.7849 0.6197 0
105.745 148.943 104.667 1.6409 0.1676 0.7849 0.6197 0
-165.669 59.6816 638.213 7.4815 1.1448 -0.8856 0.4645 0
-179.586 33.1493 178.507 2.4492 1.4352 -0.8856 0.4645 0
-179.585 33.1493 632.124 7.4148 1.4352 -0.8856 0.4645 0
-179.586 33.1493 178.507 2.4492 1.4352 -0.8856 0.4645 0
-165.669 59.6816 638.213 7.4815 1.1448 -0.8856 0.4645 0
-165.67 59.6816 164.592 2.2969 1.1448 -0.8856 0.4645 0
-39.0028 211.218 672.992 7.8622 -0.514 -0.6013 0.799 0
-56.3279 198.179 55.2496 1.1 -0.3713 -0.6013 0.799 0
-56.3275 198.179 670 7.8294 -0.3713 -0.6013 0.799 0
-56.3279 198.179 55.2496 1.1 -0.3713 -0.6013 0.799 0
-39.0028 211.218 672.992 7.8622 -0.514 -0.6013 0.799 0
-39.0032 211.218 37.9249 0.9103 -0.514 -0.6013 0.799 0
335.778 148.943 104.667 4.1472 0.1687 0 0.6197 0.7849
121.366 129.158 120.287 1.8077 0.3846 0 0.6197 0.7849
331.237 129.158 120.287 4.0977 0.3846 0 0.6197 0.7849
121.366 129.158 120.287 1.8077 0.3846 0 0.6197 0.7849
335.778 148.943 104.667 4.1472 0.1687 0 0.6197 0.7849
105.745 148.943 104.667 1.6372 0.1687 0 0.6197 0.7849
179.586 33.1493 -178.507 2.4429 1.4322 -0 0.4645 -0.8856
315.292 59.6816 -164.591 3.9237 1.1427 -0 0.4645 -0.8856
309.203 33.1493 -178.507 3.8572 1.4322 -0 0.4645 -0.8856
315.292 59.6816 -164.591 3.9237 1.1427 0 0.4645 -0.8856
179.586 33.1493 -178.507 2.4429 1.4322 0 0.4645 -0.8856
165.67 59.6816 -164.591 2.2911 1.1427 0 0.4645 -0.8856
56.3279 198.179 -55.2494 1.098 -0.3685 0 0.799 -0.6013
350.071 211.218 -37.9247 4.3032 -0.5108 0 0.799 -0.6013
347.078 198.179 -55.2495 4.2705 -0.3685 0 0.799 -0.6013
350.071 211.218 -37.9247 4.3032 -0.5108 0 0.799 -0.6013
56.3279 198.179 -55.2494 1.098 -0.3685 0 0.799 -0.6013
39.0032 211.218 -37.9247 0.909 -0.5108 0 0.799 -0.6013
-121.366 129.158 120.287 -0.8077 0.3846 0 0.6197 0.7849
-335.778 148.943 104.667 -3.1472 0.1687 0 0.6197 0.7849
-331.237 129.158 120.287 -3.0977 0.3846 0 0.6197 0.7849
-335.778 148.943 104.667 -3.1472 0.1687 0 0.6197 0.7849
-121.366 129.158 120.287 -0.8077 0.3846 0 0.6197 0.7849
-105.745 148.943 104.667 -0.6372 0.1687 0 0.6197 0.7849
-315.292 59.6816 -164.591 -2.9237 1.1427 -0 0.4645 -0.8856
-179.586 33.1493 -178.507 -1.4429 1.4322 -0 0.4645 -0.8856
-309.203 33.1493 -178.507 -2.8572 1.4322 -0 0.4645 -0.8856
-179.586 33.1493 -178.507 -1.4429 1.4322 -0 0.4645 -0.8856
-315.292 59.6816 -164.591 -2.9237 1.1427 -0 0.4645 -0.8856
-165.67 59.6816 -164.591 -1.2911 1.1427 -0 0.4645 -0.8856
-350.071 211.218 -37.9244 -3.3032 -0.5108 -0 0.799 -0.6013
-56.3279 198.179 -55.2494 -0.098 -0.3685 -0 0.799 -0.6013
-347.078 198.179 -55.249 -3.2705 -0.3685 -0 0.799 -0.6013
-56.3279 198.179 -55.2494 -0.098 -0.3685 -0 0.799 -0.6013
-350.071 211.218 -37.9244 -3.3032 -0.5108 -0 0.799 -0.6013
-39.0032 211.218 -37.9247 0.091 -0.5108 -0 0.799 -0.6013
105.745 148.943 -658.7 0.1487 0.6534 0.0531 -0.1785 -0.9825
86.6235 162.112 -662.124 0.0153 0.6866 0.0531 -0.1785 -0.9825
89.699 167.042 -662.854 0.0038 0.6534 0.0531 -0.1785 -0.9825
86.6235 162.112 -662.124 0.0153 0.6866 0.0531 -0.1785 -0.9825
105.745 148.943 -658.7 0.1487 0.6534 0.0531 -0.1785 -0.9825
102.67 144.013 -657.97 0.1602 0.6866 0.0531 -0.1785 -0.9825
-35.9277 206.287 -672.263 0.1778 0.6867 -0.0411 -0.1713 -0.9844
-56.3279 198.179 -670 -0.0178 0.6533 -0.0411 -0.1713 -0.9844
-39.0032 211.218 -672.992 0.1595 0.6533 -0.0411 -0.1713 -0.9844
-56.3279 198.179 -670 -0.0178 0.6533 -0.0411 -0.1713 -0.9844
-35.9277 206.287 -672.263 0.1778 0.6867 -0.0411 -0.1713 -0.9844
-53.2524 193.249 -669.27 0.0005 0.6867 -0.0411 -0.1713 -0.9844
-179.586 33.1493 -632.124 0.0009 0.6564 -0.0696 -0.1883 -0.9796
-162.594 54.7512 -637.484 0.1591 0.6836 -0.0696 -0.1883 -0.9796
-176.51 28.219 -631.394 -0.0204 0.6836 -0.0696 -0.1883 -0.9796
-162.594 54.7512 -637.484 0.1591 0.6836 -0.0696 -0.1883 -0.9796
-179.586 33.1493 -632.124 0.0009 0.6564 -0.0696 -0.1883 -0.9796
-165.67 59.6816 -638.213 0.1804 0.6564 -0.0696 -0.1883 -0.9796
121.366 129.158 654.159 0.0081 0.655 0.0567 -0.1806 0.9819
102.67 144.013 657.97 0.1519 0.685 0.0567 -0.1806 0.9819
118.291 124.228 653.429 -0.0206 0.685 0.0567 -0.1806 0.9819
102.67 144.013 657.97 0.1519 0.685 0.0567 -0.1806 0.9819
121.366 129.158 654.159 0.0081 0.655 0.0567 -0.1806 0.9819
105.746 148.943 658.7 0.1806 0.655 0.0567 -0.1806 0.9819
-35.9273 206.287 672.263 -0.0178 0.6867 -0.0411 -0.1713 0.9844
-56.3275 198.179 670 0.1778 0.6533 -0.0411 -0.1713 0.9844
-53.252 193.249 669.27 0.1595 0.6867 -0.0411 -0.1713 0.9844
-56.3275 198.179 670 0.1778 0.6533 -0.0411 -0.1713 0.9844
-35.9273 206.287 672.263 -0.0178 0.6867 -0.0411 -0.1713 0.9844
-39.0028 211.218 672.992 0.0005 0.6533 -0.0411 -0.1713 0.9844
-162.594 54.7512 637.484 0.0009 0.6836 -0.0696 -0.1883 0.9796
-179.585 33.1493 632.124 0.1591 0.6564 -0.0696 -0.1883 0.9796
-176.51 28.219 631.394 0.1804 0.6836 -0.0696 -0.1883 0.9796
-179.585 33.1493 632.124 0.1591 0.6564 -0.0696 -0.1883 0.9796
-162.594 54.7512 637.484 0.0009 0.6836 -0.0696 -0.1883 0.9796
-165.669 59.6816 638.213 -0.0204 0.6564 -0.0696 -0.1883 0.9796
331.237 129.158 120.287 0.1523 0.6567 0.9467 -0.3031 -0.1087
333.97 144.013 102.67 0.0077 0.6833 0.9467 -0.3031 -0.1087
335.778 148.943 104.667 -0.0223 0.6567 0.9467 -0.3031 -0.1087
333.97 144.013 102.67 0.0077 0.6833 0.9467 -0.3031 -0.1087
331.237 129.158 120.287 0.1523 0.6567 0.9467 -0.3031 -0.1087
329.429 124.228 118.29 0.1823 0.6833 0.9467 -0.3031 -0.1087
347.078 198.179 -55.2495 0.0327 0.6576 0.9456 -0.3165 0.0748
348.263 206.287 -35.9278 0.1273 0.6824 0.9456 -0.3165 0.0748
345.27 193.249 -53.2524 0.0245 0.6824 0.9456 -0.3165 0.0748
348.263 206.287 -35.9278 0.1273 0.6824 0.9456 -0.3165 0.0748
347.078 198.179 -55.2495 0.0327 0.6576 0.9456 -0.3165 0.0748
350.071 211.218 -37.9247 0.1355 0.6576 0.9456 -0.3165 0.0748
309.203 33.1493 -178.507 0.0006 0.6584 0.9466 -0.2905 0.1397
313.484 54.7512 -162.594 0.1594 0.6816 0.9466 -0.2905 0.1397
307.395 28.219 -176.51 -0.0221 0.6816 0.9466 -0.2905 0.1397
313.484 54.7512 -162.594 0.1594 0.6816 0.9466 -0.2905 0.1397
309.203 33.1493 -178.507 0.0006 0.6584 0.9466 -0.2905 0.1397
315.292 59.6816 -164.591 0.1821 0.6584 0.9466 -0.2905 0.1397
-331.237 129.158 120.287 0.0077 0.6567 -0.9467 -0.3031 -0.1087
-333.97 144.013 102.67 0.1523 0.6833 -0.9467 -0.3031 -0.1087
-329.429 124.228 118.29 -0.0223 0.6833 -0.9467 -0.3031 -0.1087
-333.97 144.013 102.67 0.1523 0.6833 -0.9467 -0.3031 -0.1087
-331.237 129.158 120.287 0.0077 0.6567 -0.9467 -0.3031 -0.1087
-335.778 148.943 104.667 0.1823 0.6567 -0.9467 -0.3031 -0.1087
-347.078 198.179 -55.249 0.1273 0.6576 -0.9456 -0.3165 0.0748
-348.263 206.287 -35.9274 0.0327 0.6824 -0.9456 -0.3165 0.0748
-350.071 211.218 -37.9244 0.0245 0.6576 -0.9456 -0.3165 0.0748
-348.263 206.287 -35.9274 0.0327 0.6824 -0.9456 -0.3165 0.0748
-347.078 198.179 -55.249 0.1273 0.6576 -0.9456 -0.3165 0.0748
-345.27 193.249 -53.2521 0.1355 0.6824 -0.9456 -0.3165 0.0748
-313.484 54.7512 -162.594 0.0006 0.6816 -0.9466 -0.2905 0.1397
-309.203 33.1493 -178.507 0.1594 0.6584 -0.9466 -0.2905 0.1397
-307.395 28.219 -176.51 0.1821 0.6816 -0.9466 -0.2905 0.1397
-309.203 33.1493 -178.507 0.1594 0.6584 -0.9466 -0.2905 0.1397
-313.484 54.7512 -162.594 0.0006 0.6816 -0.9466 -0.2905 0.1397
-315.292 59.6816 -164.591 -0.0221 0.6584 -0.9466 -0.2905 0.1397
190 -0 624.918 7.3359 1.7981 0.8485 -0.5293 -0
193.076 4.9304 191.847 2.5953 1.7441 0.8485 -0.5293 -0
193.076 4.9304 625.648 7.3439 1.7441 0.8485 -0.5293 -0
193.076 4.9304 191.847 2.5953 1.7441 0.9215 -0.3883 0.0021
190 -0 624.918 7.3359 1.7981 0.9215 -0.3883 0.0021
191 0 191 2.586 1.7981 0.9215 -0.3883 0.0021
89.699 167.042 -662.854 -6.7512 -0.0305001 0.7483 0.6634 0
105.745 148.943 -104.667 -0.6409 0.1676 0.7483 0.6634 0
105.745 148.943 -658.7 -6.7057 0.1676 0.7483 0.6634 0
105.745 148.943 -104.667 -0.6409 0.1676 0.7483 0.6634 0
89.699 167.042 -662.854 -6.7512 -0.0305001 0.7483 0.6634 0
89.699 167.042 -88.6205 -0.4653 -0.0305001 0.7483 0.6634 0
-165.67 59.6816 -164.591 -1.2969 1.1448 -0.8661 0.4999 0
-151.328 84.5271 -643.916 -6.5439 0.8728 -0.8661 0.4999 0
-165.67 59.6816 -638.213 -6.4815 1.1448 -0.8661 0.4999 0
-151.328 84.5271 -643.916 -6.5439 0.8728 -0.8661 0.4999 0
-165.67 59.6816 -164.591 -1.2969 1.1448 -0.8661 0.4999 0
-151.328 84.5271 -150.249 -1.1399 0.8728 -0.8661 0.4999 0
-39.0032 211.218 -37.9247 0.0897 -0.514 -0.5388 0.8425 0
-21.2524 222.57 -675.597 -6.8907 -0.6383 -0.5388 0.8425 0
-39.0032 211.218 -672.992 -6.8622 -0.514 -0.5388 0.8425 0
-21.2524 222.57 -675.597 -6.8907 -0.6383 -0.5388 0.8425 0
-39.0032 211.218 -37.9247 0.0897 -0.514 -0.5388 0.8425 0
-21.2524 222.57 -20.1739 0.284 -0.6383 -0.5388 0.8425 0
105.745 148.943 104.667 1.6409 0.1676 0.7483 0.6634 0
89.6994 167.042 662.854 7.7512 -0.0305001 0.7483 0.6634 0
105.746 148.943 658.7 7.7057 0.1676 0.7483 0.6634 0
89.6994 167.042 662.854 7.7512 -0.0305001 0.7483 0.6634 0
105.745 148.943 104.667 1.6409 0.1676 0.7483 0.6634 0
89.6991 167.042 88.6205 1.4653 -0.0305001 0.7483 0.6634 0
-151.327 84.5271 643.916 7.5439 0.8728 -0.8661 0.4999 0
-165.67 59.6816 164.592 2.2969 1.1448 -0.8661 0.4999 0
-165.669 59.6816 638.213 7.4815 1.1448 -0.8661 0.4999 0
-165.67 59.6816 164.592 2.2969 1.1448 -0.8661 0.4999 0
-151.327 84.5271 643.916 7.5439 0.8728 -0.8661 0.4999 0
-151.328 84.5271 150.25 2.1399 0.8728 -0.8661 0.4999 0
-21.252 222.57 675.597 7.8907 -0.6383 -0.5388 0.8425 0
-39.0032 211.218 37.9249 0.9103 -0.514 -0.5388 0.8425 0
-39.0028 211.218 672.992 7.8622 -0.514 -0.5388 0.8425 0
-39.0032 211.218 37.9249 0.9103 -0.514 -0.5388 0.8425 0
-21.252 222.57 675.597 7.8907 -0.6383 -0.5388 0.8425 0
-21.2524 222.57 20.1741 0.716 -0.6383 -0.5388 0.8425 0
339.932 167.042 88.6204 4.1925 -0.0288 0 0.6634 0.7483
105.745 148.943 104.667 1.6372 0.1687 0 0.6634 0.7483
335.778 148.943 104.667 4.1472 0.1687 0 0.6634 0.7483
105.745 148.943 104.667 1.6372 0.1687 0 0.6634 0.7483
339.932 167.042 88.6204 4.1925 -0.0288 0 0.6634 0.7483
89.6991 167.042 88.6205 1.4622 -0.0288 0 0.6634 0.7483
165.67 59.6816 -164.591 2.2911 1.1427 0 0.4999 -0.8661
320.994 84.5271 -150.249 3.9859 0.8716 0 0.4999 -0.8661
315.292 59.6816 -164.591 3.9237 1.1427 0 0.4999 -0.8661
320.994 84.5271 -150.249 3.9859 0.8716 0 0.4999 -0.8661
165.67 59.6816 -164.591 2.2911 1.1427 0 0.4999 -0.8661
151.328 84.5271 -150.249 2.1346 0.8716 0 0.4999 -0.8661
39.0032 211.218 -37.9247 0.909 -0.5108 0 0.8425 -0.5388
352.676 222.57 -20.174 4.3316 -0.6346 0 0.8425 -0.5388
350.071 211.218 -37.9247 4.3032 -0.5108 0 0.8425 -0.5388
352.676 222.57 -20.174 4.3316 -0.6346 0 0.8425 -0.5388
39.0032 211.218 -37.9247 0.909 -0.5108 0 0.8425 -0.5388
21.2524 222.57 -20.1739 0.7153 -0.6346 0 0.8425 -0.5388
-105.745 148.943 104.667 -0.6372 0.1687 0 0.6634 0.7483
-339.932 167.042 88.6208 -3.1925 -0.0288 0 0.6634 0.7483
-335.778 148.943 104.667 -3.1472 0.1687 0 0.6634 0.7483
-339.932 167.042 88.6208 -3.1925 -0.0288 0 0.6634 0.7483
-105.745 148.943 104.667 -0.6372 0.1687 0 0.6634 0.7483
-89.6989 167.042 88.6207 -0.4622 -0.0288 0 0.6634 0.7483
-320.994 84.5271 -150.249 -2.9859 0.8716 -0 0.4999 -0.8661
-165.67 59.6816 -164.591 -1.2911 1.1427 -0 0.4999 -0.8661
-315.292 59.6816 -164.591 -2.9237 1.1427 -0 0.4999 -0.8661
-165.67 59.6816 -164.591 -1.2911 1.1427 -0 0.4999 -0.8661
-320.994 84.5271 -150.249 -2.9859 0.8716 -0 0.4999 -0.8661
-151.328 84.5271 -150.249 -1.1346 0.8716 -0 0.4999 -0.8661
-352.676 222.57 -20.1735 -3.3316 -0.6346 -0 0.8425 -0.5388
-39.0032 211.218 -37.9247 0.091 -0.5108 -0 0.8425 -0.5388
-350.071 211.218 -37.9244 -3.3032 -0.5108 -0 0.8425 -0.5388
-39.0032 211.218 -37.9247 0.091 -0.5108 -0 0.8425 -0.5388
-352.676 222.57 -20.1735 -3.3316 -0.6346 -0 0.8425 -0.5388
-21.2524 222.57 -20.1739 0.2847 -0.6346 -0 0.8425 -0.5388
102.67 144.013 -657.97 0.0139 0.686 0.0567 -0.1806 -0.9819
121.366 129.158 -654.159 0.1501 0.654 0.0567 -0.1806 -0.9819
118.29 124.228 -653.429 0.1601 0.686 0.0567 -0.1806 -0.9819
121.366 129.158 -654.159 0.1501 0.654 0.0567 -0.1806 -0.9819
102.67 144.013 -657.97 0.0139 0.686 0.0567 -0.1806 -0.9819
105.745 148.943 -658.7 0.0039 0.654 0.0567 -0.1806 -0.9819
-89.699 167.042 -662.854 0.0133 0.6537 -0.0493 -0.1762 -0.9831
-70.151 178.524 -665.891 0.1467 0.6863 -0.0493 -0.1762 -0.9831
-86.6235 162.112 -662.124 -0.0206 0.6863 -0.0493 -0.1762 -0.9831
-70.151 178.524 -665.891 0.1467 0.6863 -0.0493 -0.1762 -0.9831
-89.699 167.042 -662.854 0.0133 0.6537 -0.0493 -0.1762 -0.9831
-73.2265 183.454 -666.62 0.1806 0.6537 -0.0493 -0.1762 -0.9831
-151.328 84.5271 -643.916 0.0041 0.6559 -0.0634 -0.1847 -0.9808
-133.484 102.756 -648.501 0.1559 0.6841 -0.0634 -0.1847 -0.9808
-148.252 79.5968 -643.186 -0.0205 0.6841 -0.0634 -0.1847 -0.9808
-133.484 102.756 -648.501 0.1559 0.6841 -0.0634 -0.1847 -0.9808
-151.328 84.5271 -643.916 0.0041 0.6559 -0.0634 -0.1847 -0.9808
-136.56 107.686 -649.231 0.1805 0.6559 -0.0634 -0.1847 -0.9808
3.0759 232.235 677.816 0.16 0.6511 0.0321 -0.1658 0.9856
18.1773 217.639 674.868 0 0.6889 0.0321 -0.1658 0.9856
21.2528 222.57 675.597 -0.0164 0.6511 0.0321 -0.1658 0.9856
18.1773 217.639 674.868 0 0.6889 0.0321 -0.1658 0.9856
3.0759 232.235 677.816 0.16 0.6511 0.0321 -0.1658 0.9856
0.0004 227.304 677.086 0.1764 0.6889 0.0321 -0.1658 0.9856
-70.1506 178.524 665.891 0.0133 0.6863 -0.0493 -0.1762 0.9831
-89.6986 167.042 662.854 0.1467 0.6537 -0.0493 -0.1762 0.9831
-86.6231 162.112 662.124 0.1806 0.6863 -0.0493 -0.1762 0.9831
-89.6986 167.042 662.854 0.1467 0.6537 -0.0493 -0.1762 0.9831
-70.1506 178.524 665.891 0.0133 0.6863 -0.0493 -0.1762 0.9831
-73.2261 183.454 666.62 -0.0206 0.6537 -0.0493 -0.1762 0.9831
-133.484 102.756 648.501 0.0041 0.6841 -0.0634 -0.1847 0.9808
-151.327 84.5271 643.916 0.1559 0.6559 -0.0634 -0.1847 0.9808
-148.252 79.5968 643.186 0.1805 0.6841 -0.0634 -0.1847 0.9808
-151.327 84.5271 643.916 0.1559 0.6559 -0.0634 -0.1847 0.9808
-133.484 102.756 648.501 0.0041 0.6841 -0.0634 -0.1847 0.9808
-136.559 107.686 649.231 -0.0205 0.6559 -0.0634 -0.1847 0.9808
353.086 227.304 -0.0001 -0.0167 0.6873 0.9446 -0.3234 -0.0567
352.676 222.57 20.1738 0.1767 0.6527 0.9446 -0.3234 -0.0567
350.868 217.639 18.1769 0.1681 0.6873 0.9446 -0.3234 -0.0567
352.676 222.57 20.1738 0.1767 0.6527 0.9446 -0.3234 -0.0567
353.086 227.304 -0.0001 -0.0167 0.6873 0.9446 -0.3234 -0.0567
354.894 232.235 1.9969 -0.0081 0.6527 0.9446 -0.3234 -0.0567
341.891 178.524 -70.1511 0.1471 0.6848 0.9464 -0.3097 0.0922
339.932 167.042 -88.6205 0.0129 0.6552 0.9464 -0.3097 0.0922
343.699 183.454 -72.1481 0.1822 0.6552 0.9464 -0.3097 0.0922
339.932 167.042 -88.6205 0.0129 0.6552 0.9464 -0.3097 0.0922
341.891 178.524 -70.1511 0.1471 0.6848 0.9464 -0.3097 0.0922
338.124 162.112 -86.6236 -0.0222 0.6848 0.9464 -0.3097 0.0922
320.994 84.5271 -150.249 0.0038 0.6577 0.9468 -0.2967 0.1246
324.501 102.756 -133.484 0.1562 0.6823 0.9468 -0.2967 0.1246
319.186 79.5968 -148.252 -0.0222 0.6823 0.9468 -0.2967 0.1246
324.501 102.756 -133.484 0.1562 0.6823 0.9468 -0.2967 0.1246
320.994 84.5271 -150.249 0.0038 0.6577 0.9468 -0.2967 0.1246
326.309 107.686 -135.481 0.1822 0.6577 0.9468 -0.2967 0.1246
-352.676 222.57 20.1743 -0.0167 0.6527 -0.9446 -0.3234 -0.0567
-353.086 227.304 0.0004 0.1767 0.6873 -0.9446 -0.3234 -0.0567
-350.868 217.639 18.1772 -0.0081 0.6873 -0.9446 -0.3234 -0.0567
-353.086 227.304 0.0004 0.1767 0.6873 -0.9446 -0.3234 -0.0567
-352.676 222.57 20.1743 -0.0167 0.6527 -0.9446 -0.3234 -0.0567
-354.894 232.235 1.9973 0.1681 0.6527 -0.9446 -0.3234 -0.0567
-339.932 167.042 -88.6201 0.1471 0.6552 -0.9464 -0.3097 0.0922
-341.891 178.524 -70.1506 0.0129 0.6848 -0.9464 -0.3097 0.0922
-343.699 183.454 -72.1476 -0.0222 0.6552 -0.9464 -0.3097 0.0922
-341.891 178.524 -70.1506 0.0129 0.6848 -0.9464 -0.3097 0.0922
-339.932 167.042 -88.6201 0.1471 0.6552 -0.9464 -0.3097 0.0922
-338.124 162.112 -86.6232 0.1822 0.6848 -0.9464 -0.3097 0.0922
-324.501 102.756 -133.484 0.0038 0.6823 -0.9468 -0.2967 0.1246
-320.994 84.5271 -150.249 0.1562 0.6577 -0.9468 -0.2967 0.1246
-319.186 79.5968 -148.252 0.1822 0.6823 -0.9468 -0.2967 0.1246
-320.994 84.5271 -150.249 0.1562 0.6577 -0.9468 -0.2967 0.1246
-324.501 102.756 -133.484 0.0038 0.6823 -0.9468 -0.2967 0.1246
-326.309 107.686 -135.481 -0.0222 0.6577 -0.9468 -0.2967 0.1246
193.076 4.9304 -191.847 -1.5953 1.7441 0.8485 -0.5293 0
190 0 -624.918 -6.3359 1.7981 0.8485 -0.5293 0
193.076 4.9304 -625.648 -6.3439 1.7441 0.8485 -0.5293 0
190 0 -624.918 -6.3359 1.7981 0.9215 -0.3883 -0.0021
193.076 4.9304 -191.847 -1.5953 1.7441 0.9215 -0.3883 -0.0021
191 0 -191 -1.586 1.7981 0.9215 -0.3883 -0.0021
121.366 129.158 -654.159 -6.656 0.3842 0.8163 0.5776 0
136.56 107.686 -135.481 -0.9782 0.6193 0.8163 0.5776 0
136.56 107.686 -649.231 -6.6021 0.6193 0.8163 0.5776 0
136.56 107.686 -135.481 -0.9782 0.6193 0.8163 0.5776 0
121.366 129.158 -654.159 -6.656 0.3842 0.8163 0.5776 0
121.366 129.158 -120.287 -0.8119 0.3842 0.8163 0.5776 0
-193.076 4.9304 -191.847 -1.5953 1.7441 -0.9022 0.4313 0
-179.586 33.1493 -632.124 -6.4148 1.4352 -0.9022 0.4313 0
-193.076 4.9304 -625.648 -6.3439 1.7441 -0.9022 0.4313 0
-179.586 33.1493 -632.124 -6.4148 1.4352 -0.9022 0.4313 0
-193.076 4.9304 -191.847 -1.5953 1.7441 -0.9022 0.4313 0
-179.586 33.1493 -178.507 -1.4492 1.4352 -0.9022 0.4313 0
-73.2265 183.454 -72.148 -0.285 -0.2101 -0.657 0.7539 0
-56.3279 198.179 -670 -6.8294 -0.3713 -0.657 0.7539 0
-73.2265 183.454 -666.62 -6.7924 -0.2101 -0.657 0.7539 0
-56.3279 198.179 -670 -6.8294 -0.3713 -0.657 0.7539 0
-73.2265 183.454 -72.148 -0.285 -0.2101 -0.657 0.7539 0
-56.3279 198.179 -55.2494 -0.1 -0.3713 -0.657 0.7539 0
136.56 107.686 135.481 1.9782 0.6193 0.8163 0.5776 -0
121.366 129.158 654.159 7.656 0.3842 0.8163 0.5776 -0
136.56 107.686 649.231 7.6021 0.6193 0.8163 0.5776 -0
121.366 129.158 654.159 7.656 0.3842 0.8163 0.5776 0
136.56 107.686 135.481 1.9782 0.6193 0.8163 0.5776 0
121.366 129.158 120.287 1.8119 0.3842 0.8163 0.5776 0
-179.585 33.1493 632.124 7.4148 1.4352 -0.9022 0.4313 0
-193.075 4.9304 191.847 2.5953 1.7441 -0.9022 0.4313 0
-193.075 4.9304 625.648 7.3439 1.7441 -0.9022 0.4313 0
-193.075 4.9304 191.847 2.5953 1.7441 -0.9022 0.4313 0
-179.585 33.1493 632.124 7.4148 1.4352 -0.9022 0.4313 0
-179.586 33.1493 178.507 2.4492 1.4352 -0.9022 0.4313 0
-56.3275 198.179 670 7.8294 -0.3713 -0.657 0.7539 0
-73.2265 183.454 72.1481 1.285 -0.2101 -0.657 0.7539 0
-73.2261 183.454 666.62 7.7924 -0.2101 -0.657 0.7539 0
-73.2265 183.454 72.1481 1.285 -0.2101 -0.657 0.7539 0
-56.3275 198.179 670 7.8294 -0.3713 -0.657 0.7539 0
-56.3279 198.179 55.2496 1.1 -0.3713 -0.657 0.7539 0
331.237 129.158 120.287 4.0977 0.3846 0 0.5776 0.8163
136.56 107.686 135.481 1.9735 0.6189 0 0.5776 0.8163
326.309 107.686 135.481 4.0439 0.6189 0 0.5776 0.8163
136.56 107.686 135.481 1.9735 0.6189 0 0.5776 0.8163
331.237 129.158 120.287 4.0977 0.3846 0 0.5776 0.8163
121.366 129.158 120.287 1.8077 0.3846 0 0.5776 0.8163
309.203 33.1493 -178.507 3.8572 1.4322 -0 0.4313 -0.9022
192.926 4.9304 -191.997 2.5885 1.7401 -0 0.4313 -0.9022
179.586 33.1493 -178.507 2.4429 1.4322 -0 0.4313 -0.9022
192.926 4.9304 -191.997 2.5885 1.7401 0 0.4313 -0.9022
309.203 33.1493 -178.507 3.8572 1.4322 0 0.4313 -0.9022
302.726 4.9304 -191.997 3.7866 1.7401 0 0.4313 -0.9022
73.2265 183.454 -72.148 1.2824 -0.2078 0 0.7539 -0.657
347.078 198.179 -55.2495 4.2705 -0.3685 0 0.7539 -0.657
343.699 183.454 -72.1481 4.2336 -0.2078 0 0.7539 -0.657
347.078 198.179 -55.2495 4.2705 -0.3685 0 0.7539 -0.657
73.2265 183.454 -72.148 1.2824 -0.2078 0 0.7539 -0.657
56.3279 198.179 -55.2494 1.098 -0.3685 0 0.7539 -0.657
-136.56 107.686 135.482 -0.9735 0.6189 0 0.5776 0.8163
-331.237 129.158 120.287 -3.0977 0.3846 0 0.5776 0.8163
-326.309 107.686 135.482 -3.0439 0.6189 0 0.5776 0.8163
-331.237 129.158 120.287 -3.0977 0.3846 0 0.5776 0.8163
-136.56 107.686 135.482 -0.9735 0.6189 0 0.5776 0.8163
-121.366 129.158 120.287 -0.8077 0.3846 0 0.5776 0.8163
-179.586 33.1493 -178.507 -1.4429 1.4322 -0 0.4313 -0.9022
-302.726 4.9304 -191.997 -2.7866 1.7401 -0 0.4313 -0.9022
-309.203 33.1493 -178.507 -2.8572 1.4322 -0 0.4313 -0.9022
-302.726 4.9304 -191.997 -2.7866 1.7401 -0 0.4313 -0.9022
-179.586 33.1493 -178.507 -1.4429 1.4322 -0 0.4313 -0.9022
-192.926 4.9304 -191.997 -1.5885 1.7401 -0 0.4313 -0.9022
-347.078 198.179 -55.249 -3.2705 -0.3685 -0 0.7539 -0.657
-73.2265 183.454 -72.148 -0.2824 -0.2078 -0 0.7539 -0.657
-343.699 183.454 -72.1476 -3.2336 -0.2078 -0 0.7539 -0.657
-73.2265 183.454 -72.148 -0.2824 -0.2078 -0 0.7539 -0.657
-347.078 198.179 -55.249 -3.2705 -0.3685 -0 0.7539 -0.657
-56.3279 198.179 -55.2494 -0.098 -0.3685 -0 0.7539 -0.657
18.1769 217.639 -674.868 0.1445 0.6869 0.0321 -0.1658 -0.9856
3.0755 232.235 -677.816 0.0195 0.6531 0.0321 -0.1658 -0.9856
21.2524 222.57 -675.597 0.1516 0.6531 0.0321 -0.1658 -0.9856
3.0755 232.235 -677.816 0.0195 0.6531 0.0321 -0.1658 -0.9856
18.1769 217.639 -674.868 0.1445 0.6869 0.0321 -0.1658 -0.9856
0 227.304 -677.086 0.0124 0.6869 0.0321 -0.1658 -0.9856
